 sin(alpha):  0.29999999999999999        tg(beta):   1.0000000000000000     
 rmh:   125.00000000000000     
   250.00000000000000        0.0000000000000000        0.0000000000000000       0.36359999999999998     
   251.00000000000000       0.14835708710174897        6.4411630780050896E-002  0.43416618672133228     
   252.00000000000000       0.19560286570685687        9.1428547717660666E-002  0.46741926498501007     
   253.00000000000000       0.22719408161271087       0.11239229905756848       0.49469730135470413     
   254.00000000000000       0.25100943971535372       0.13026311758817949       0.51895704693775135     
   255.00000000000000       0.27004131107061785       0.14618349007224832       0.54133750681583759     
   256.00000000000000       0.28579645760772315       0.16073741418969867       0.56241919698781817     
   257.00000000000000       0.29915437623825175       0.17427072899919394       0.58254447483128813     
   258.00000000000000       0.31067847486818911       0.18700809990993877       0.60193452407438364     
   259.00000000000000       0.32075372334839863       0.19910513955889275       0.62074147567299565     
   260.00000000000000       0.32965597987392492       0.21067484386812099       0.63907484386812097     
   261.00000000000000       0.33758963156556726       0.22180229722115785       0.65701750433670836     
   262.00000000000000       0.34470833806233026       0.23255344078867729       0.67463828144077820     
   263.00000000000000       0.35113124671300794       0.24298059294320726       0.69199364971868749     
   264.00000000000000       0.35695295295864404       0.25312608038386480       0.70913009203538246     
   265.00000000000000       0.36224979646299782       0.26302471426631752       0.72608657571236013     
   266.00000000000000       0.36708425278664875       0.27270553057835789       0.74289629290324188     
   267.00000000000000       0.37150807621177484       0.28219304529273248       0.75958791574660378     
   268.00000000000000       0.37556459906803069       0.29150817989830996       0.77618652189714354     
   269.00000000000000       0.37929044659570760       0.30066895720063841       0.79271429032623852     
   270.00000000000000       0.38271683769139697       0.30969103338555215       0.80919103338555209     
   271.00000000000000       0.38587109264704217       0.31858811105508367       0.82563352665159995     
   272.00000000000000       0.38877888423829249       0.32737226420581028       0.84205258433005703     
   273.00000000000000       0.39146324893086420       0.33605419703139222       0.85845656763233547     
   274.00000000000000       0.39394455959357111       0.34464345228636234       0.87485267633071961     
   275.00000000000000       0.39624092297900654       0.35314858071150823       0.89124711818374847     
   276.00000000000000       0.39836850450588734       0.36157728004775719       0.90764524795010137     
   277.00000000000000       0.40034179591029589       0.36993651004485589       0.92405168239727620     
   278.00000000000000       0.40217383755410002       0.37823258833636048       0.94047039617658124     
   279.00000000000000       0.40387640441728806       0.38647127092666322       0.95690480231015995     
   280.00000000000000       0.40546016275777402       0.39465782019973789       0.97335782019973793     
   281.00000000000000       0.40693465497778403       0.40279706273128368       0.98983229322966793     
   282.00000000000000       0.40830798455031420       0.41089343870923228        1.0063321175601441     
   283.00000000000000       0.40958738317859422       0.41895104440214886        1.0228612052228956     
   284.00000000000000       0.41077944464905969       0.42697366883234689        1.0394231610034002     
   285.00000000000000       0.41189019550883760       0.43496482558998284        1.0560213142549788     
   286.00000000000000       0.41292515625122939       0.44292778055094018        1.0726587466166793     
   287.00000000000000       0.41388939450113965       0.45086557612387607        1.0893383162603230     
   288.00000000000000       0.41478757142521860       0.45878105254215379        1.1060626791824371     
   289.00000000000000       0.41562398237774323       0.46667686662832364        1.1228343079687364     
   290.00000000000000       0.41640259262118673       0.47455550838762262        1.1396555083876225     
   291.00000000000000       0.41712687260579323       0.48241931572912444        1.1565289781390709     
   292.00000000000000       0.41779925732789652       0.49027048756586444        1.1734594520379704     
   293.00000000000000       0.41842179386802608       0.49811109550639943        1.1904520816224693     
   294.00000000000000       0.41899636239786342       0.50594309431816775        1.2075119015895965     
   295.00000000000000       0.41952469352938099       0.51376833131637500        1.2246438391841499     
   296.00000000000000       0.42000838368270071       0.52158855480993316        1.2418527226446321     
   297.00000000000000       0.42044890872893981       0.52940542171739591        1.2591432888191880     
   298.00000000000000       0.42084763612680837       0.53722050445020142        1.2765201900488470     
   299.00000000000000       0.42120583574032311       0.54503529714736509        1.2939880004022164     
   300.00000000000000       0.42152468949860961       0.55285122133458175        1.3115512213345817     
   301.00000000000000       0.42180553356355144       0.56066963107121615        1.3292135509330456     
   302.00000000000000       0.42205054308047868       0.56849181764055856        1.3469756809012225     
   303.00000000000000       0.42226199838648670       0.57631901383179041        1.3648375085467646     
   304.00000000000000       0.42244205411326352       0.58415239785615958        1.3827988765993902     
   305.00000000000000       0.42259274715286760       0.59199309693474433        1.4008595767986485     
   306.00000000000000       0.42271600400930909       0.59984219059075239        1.4190193531862176     
   307.00000000000000       0.42281364759428797       0.60770071367548129        1.4372779051318660     
   308.00000000000000       0.42288740351879328       0.61556965915373008        1.4556348901188634     
   309.00000000000000       0.42293890592649908       0.62344998067156265        1.4740899263117440     
   310.00000000000000       0.42296970290986252       0.63134259492679101        1.4926425949267910     
   311.00000000000000       0.42298134562724254       0.63924838386033755        1.5112921420030729     
   312.00000000000000       0.42297563698496177       0.64716819668469383        1.5300365791699320     
   313.00000000000000       0.42295436977688478       0.65510285176399263        1.5488735867880261     
   314.00000000000000       0.42291924557229055       0.66305313835870283        1.5678008161143513     
   315.00000000000000       0.42287187951982447       0.67101981824663792        1.5868158909232464     
   316.00000000000000       0.42281380489012371       0.67900362723079122        1.6059164090142310     
   317.00000000000000       0.42274647737342480       0.68700527654347687        1.6250999436161457     
   318.00000000000000       0.42267127914716618       0.69502545415533001        1.6443640446961509     
   319.00000000000000       0.42258952272744721       0.70306482599690157        1.6637062401813245     
   320.00000000000000       0.42250245461717167       0.71112403709985017        1.6831240370998501     
   321.00000000000000       0.42241100134311815       0.71920371266408301        1.7026159602313118     
   322.00000000000000       0.42231502432727508       0.72730445905661345        1.7221846658549977     
   323.00000000000000       0.42221413553225529       0.73542686474738039        1.7418338299362719     
   324.00000000000000       0.42210796078441581       0.74357150118680337        1.7615671114209792     
   325.00000000000000       0.42199613954909676       0.75173892362943373        1.7813881530590954     
   326.00000000000000       0.42187832470949049       0.75992967190767391        1.8013005821784489     
   327.00000000000000       0.42175418234921425       0.76814427115920092        1.8213080114121412     
   328.00000000000000       0.42162339153858136       0.77638323251142083        1.8414140393830036     
   329.00000000000000       0.42148564412451950       0.78464705372600640        1.8616222513481340     
   330.00000000000000       0.42134064452403036       0.79293621980630624        1.8819362198063061     
   331.00000000000000       0.42118796558973548       0.80125120357020496        1.9023601551585543     
   332.00000000000000       0.42102662934963841       0.80959246619078351        1.9229008565120083     
   333.00000000000000       0.42085556029543569       0.81796045770696779        1.9435657619273679     
   334.00000000000000       0.42067373111627876       0.82635561750615183        1.9643622988138003     
   335.00000000000000       0.42048016136333283       0.83477837478065631        1.9852978843854001     
   336.00000000000000       0.42027391621768018       0.84322914895972056        2.0063799260931803     
   337.00000000000000       0.42005410535026311       0.85170835011860246        2.0276158220341722     
   338.00000000000000       0.41981988186354352       0.86021637936624862        2.0490129613390957     
   339.00000000000000       0.41957044130544013       0.86875362921288091        2.0705787245399470     
   340.00000000000000       0.41930502074691606       0.87732048391874795        2.0923204839187477     
   341.00000000000000       0.41902058662012809       0.88591731982520427        2.1142572659045777     
   342.00000000000000       0.41870510520619997       0.89454450566919175        2.1364547375859075     
   343.00000000000000       0.41834483277213819       0.90320240288212361        2.1589902208116314     
   344.00000000000000       0.41792667774482845       0.91189136587409836        2.1819410304093285     
   345.00000000000000       0.41743820769915152       0.92061174230431175        2.2053844744556739     
   346.00000000000000       0.41686766292003596       0.92936387333847148        2.2293978545338575     
   347.00000000000000       0.41620397520904828       0.93814809389396203        2.2540584659787428     
   348.00000000000000       0.41543679065296218       0.94696473287346272        2.2794435981104906     
   349.00000000000000       0.41455649511193848       0.95581411338767741        2.3056305344572845     
   350.00000000000000       0.41355424122371848       0.96469655296776957        2.3326965529677697     
   351.00000000000000       0.41242709430199892       0.97361236376809590        2.3606896278622522     
   352.00000000000000       0.41119279562823630       0.98256185275975017        2.3895405347716614     
   353.00000000000000       0.40987330928605947       0.99154532191543276        2.4191507459770007     
   354.00000000000000       0.40848950450852356        1.0005630683861058        2.4494217289375375     
   355.00000000000000       0.40706113140143024        1.0096153846698697        2.4802549464596764     
   356.00000000000000       0.40560681874500676        1.0187025587734824        2.5115518568584791     
   357.00000000000000       0.40414409053974248        1.0278248743668941        2.5432139141122008     
   358.00000000000000       0.40268939817667510        1.0369826109311691        2.5751425680102100     
   359.00000000000000       0.40125816538098336        1.0461760439001295        2.6072392642946336     
   360.00000000000000       0.39986484337861872        1.0554054447960435        2.6394054447960436     
   361.00000000000000       0.39851931466252799        1.0646710813596572        2.6715670789036570     
   362.00000000000000       0.39721642523933942        1.0739732176748544        2.7037482577104934     
   363.00000000000000       0.39594775749938232        1.0833121142882070        2.7359976001124262     
   364.00000000000000       0.39470537047023846        1.0926880283236744        2.7683637215827170     
   365.00000000000000       0.39348176972251642        1.1021012135926795        2.8008952342820912     
   366.00000000000000       0.39226988171034188        1.1115519206997913        2.8336407471644187     
   367.00000000000000       0.39106303196383041        1.1210403971442233        2.8666488660782155     
   368.00000000000000       0.38985492661934451        1.1305668874173407        2.8999681938641486     
   369.00000000000000       0.38863963683118474        1.1401316330963789        2.9336473304487551     
   370.00000000000000       0.38741158565746731        1.1497348729345276        2.9677348729345274     
   371.00000000000000       0.38616744417530224        1.1593768429475735        3.0022645886774177     
   372.00000000000000       0.38491161851101868        1.1690577764972403        3.0372109343427738     
   373.00000000000000       0.38365013438303236        1.1787779043713902        3.0725335370129452     
   374.00000000000000       0.38238868342960380        1.1885374548612155        3.1081920212736120     
   375.00000000000000       0.38113263515611795        1.1983366538355735        3.1441460092881206     
   376.00000000000000       0.37988704999787098        1.2081757248125717        3.1803551208690655     
   377.00000000000000       0.37865669324658113        1.2180548890285376        3.2167789735472621     
   378.00000000000000       0.37744604961810896        1.2279743655044868        3.2533771826382138     
   379.00000000000000       0.37625933826671620        1.2379343711101922        3.2901093613061816     
   380.00000000000000       0.37510052807737498        1.2479351206259648        3.3269351206259650     
   381.00000000000000       0.37397248851671550        1.2579768268022353        3.3638218463388583     
   382.00000000000000       0.37287450646558484        1.2680597004170429        3.4007680289992708     
   383.00000000000000       0.37180505293897570        1.2781839503315073        3.4377799339410684     
   384.00000000000000       0.37076266828349641        1.2883497835433724        3.4748638246347419     
   385.00000000000000       0.36974595832028934        1.2985574052387088        3.5120259627391093     
   386.00000000000000       0.36875359075998804        1.3088070188418355        3.5492726081512340     
   387.00000000000000       0.36778429186768241        1.3190988260635554        3.5866100190546666     
   388.00000000000000       0.36683684335785005        1.3294330269477499        3.6240444519660349     
   389.00000000000000       0.36591007950100640        1.3398098199164168        3.6615821617800823     
   390.00000000000000       0.36500288442543743        1.3502294018132055        3.6992294018132057     
   391.00000000000000       0.36411402198877063        1.3606919679455112        3.7369941440691763     
   392.00000000000000       0.36324164723301505        1.3711977121251864        3.7748912399507426     
   393.00000000000000       0.36238383498675319        1.3817468267079198        3.8129372596281206     
   394.00000000000000       0.36153874729727531        1.3923395026313423        3.8511487718534658     
   395.00000000000000       0.36070462932919040        1.4029759294518993        3.8895423439977517     
   396.00000000000000       0.35987980560097438        1.4136562953805480        3.9281345420864611     
   397.00000000000000       0.35906267652821500        1.4243807873173133        3.9669419308341451     
   398.00000000000000       0.35825171524516120        1.4351495908847574        4.0059810736778925     
   399.00000000000000       0.35744546467872229        1.4459628904603905        4.0452685328097395     
   400.00000000000000       0.35664253485135372        1.4568208692080791        4.0848208692080785     
   401.00000000000000       0.35584208848283461        1.4677237091084712        4.1246489850771892     
   402.00000000000000       0.35504525667735831        1.4786715909884895        4.1647411511040371     
   403.00000000000000       0.35425359372408977        1.4896646945499183        4.2050799792595557     
   404.00000000000000       0.35346858005471671        1.5007031983971211        4.2456480804172561     
   405.00000000000000       0.35269162513813207        1.5117872800639183        4.2864280643801083     
   406.00000000000000       0.35192407038530921        1.5229171160396588        4.3274025399066076     
   407.00000000000000       0.35116719205095409        1.5340928817945070        4.3685541147360691     
   408.00000000000000       0.35042220412016001        1.5453147518039849        4.4098653956131599     
   409.00000000000000       0.34969026116979235        1.5565828995727813        4.4513189883117201     
   410.00000000000000       0.34897246119574488        1.5678974976578706        4.4928974976578706     
   411.00000000000000       0.34826962489099905        1.5792587176909472        4.5345864376924094     
   412.00000000000000       0.34758164768316507        1.5906667304002149        4.5763829621124668     
   413.00000000000000       0.34690820626565072        1.6021217056315442        4.6182871338727942     
   414.00000000000000       0.34624898684661914        1.6136238123690236        4.6602990150663581     
   415.00000000000000       0.34560368479716447        1.6251732187549239        4.7024186669443111     
   416.00000000000000       0.34497200431509206        1.6367700921090940        4.7446461499353836     
   417.00000000000000       0.34435365810349916        1.6484145989478138        4.7869815236647355     
   418.00000000000000       0.34374836706339618        1.6601069050021116        4.8294248469722749     
   419.00000000000000       0.34315585999965764        1.6718471752355764        4.8719761779304722     
   420.00000000000000       0.34257587333962924        1.6836355738616722        4.9146355738616716     
   421.00000000000000       0.34200794272078966        1.6954722643605729        4.9574061083860030     
   422.00000000000000       0.34145079527128575        1.7073574094955373        5.0003029225309792     
   423.00000000000000       0.34090300247803862        1.7192911713288412        5.0433441736542051     
   424.00000000000000       0.34036319031396595        1.7312737112372651        5.0865480184277923     
   425.00000000000000       0.33983003705724873        1.7433051899271694        5.1299326128534286     
   426.00000000000000       0.33930227128964358        1.7553857674491748        5.1735161122770652     
   427.00000000000000       0.33877867005858031        1.7675156032124280        5.2173166714031787     
   428.00000000000000       0.33825805718901075        1.7796948559985055        5.2613524443086757     
   429.00000000000000       0.33773930173207001        1.7919236839749453        5.3056415844564215     
   430.00000000000000       0.33722131653861354        1.8042022447084183        5.3502022447084183     
   431.00000000000000       0.33670343004807746        1.8165306951775555        5.3950465990743703     
   432.00000000000000       0.33618647506290827        1.8289091917854468        5.4401629079314260     
   433.00000000000000       0.33567161812169050        1.8413378903718083        5.4855334528291007     
   434.00000000000000       0.33515998034692285        1.8538169462248391        5.5311405147653963     
   435.00000000000000       0.33465263888399299        1.8663465140927709        5.5769663741983457     
   436.00000000000000       0.33415062836733855        1.8789267481951299        5.6229933110572752     
   437.00000000000000       0.33365494240629884        1.8915578022337023        5.6692036047537746     
   438.00000000000000       0.33316653508388266        1.9042398294032292        5.7155795341923854     
   439.00000000000000       0.33268632246234542        1.9169729824018285        5.7621033777810267     
   440.00000000000000       0.33221518409011236        1.9297574134411601        5.8087574134411604     
   441.00000000000000       0.33175380042633379        1.9425932742563319        5.8555268146436390     
   442.00000000000000       0.33130217429412456        1.9554807161155632        5.9024083384962029     
   443.00000000000000       0.33086014522274509        1.9684198898296137        5.9494016376750780     
   444.00000000000000       0.33042755653883316        1.9814109457609663        5.9965063644082086     
   445.00000000000000       0.33000425525401034        1.9944540338328050        6.0437221704842470     
   446.00000000000000       0.32959009195649841        2.0075493035377572        6.0910487072612831     
   447.00000000000000       0.32918492070657973        2.0206969039464333        6.1384856256753917     
   448.00000000000000       0.32878859893574247        2.0338969837157586        6.1860325762489641     
   449.00000000000000       0.32840098734935891        2.0471496910971010        6.2336892090988325     
   450.00000000000000       0.32802194983275251        2.0604551739442125        6.2814551739442130     
   451.00000000000000       0.32765117765460977        2.0738135797209689        6.3293335142749250     
   452.00000000000000       0.32728767438566142        2.0872250555089429        6.3773408498404027     
   453.00000000000000       0.32693030352872077        2.1006897480147835        6.4254971941756338     
   454.00000000000000       0.32657796592916721        2.1142078035774277        6.4738225604478981     
   455.00000000000000       0.32622959849311617        2.1277793681751485        6.5223369614638056     
   456.00000000000000       0.32588417301401085        2.1414045874324295        6.5710604096761802     
   457.00000000000000       0.32554069509900624        2.1550836066266861        6.6200129171907784     
   458.00000000000000       0.32519820318712078        2.1688165706948315        6.6692144957728523     
   459.00000000000000       0.32485576765169150        2.1826036242396909        6.7186851568535673     
   460.00000000000000       0.32451248998017296        2.1964449115362643        6.7684449115362639     
   461.00000000000000       0.32416785729263820        2.2103405765378592        6.8185062979347268     
   462.00000000000000       0.32382278360439987        2.2242907628820650        6.8688519631755858     
   463.00000000000000       0.32347850236846026        2.2382956138966139        6.9194570814077441     
   464.00000000000000       0.32313620620139871        2.2523552726050937        6.9702968264759688     
   465.00000000000000       0.32279704798421449        2.2664698817325384        7.0213463719264677     
   466.00000000000000       0.32246214201792567        2.2806395837108977        7.0725808910123682     
   467.00000000000000       0.32213256522566169        2.2948645206843747        7.1239755566990457     
   468.00000000000000       0.32180935839364477        2.3091448345146635        7.1755055416693727     
   469.00000000000000       0.32149352744409088        2.3234806667860437        7.2271460183288045     
   470.00000000000000       0.32118604473367746        2.3378721588103950        7.2788721588103948     
   471.00000000000000       0.32088747845109317        2.3523194516320820        7.3306676314906500     
   472.00000000000000       0.32059690174939454        2.3668226860327275        7.3825500905271841     
   473.00000000000000       0.32031304978250652        2.3813820025359118        7.4345456863305355     
   474.00000000000000       0.32003469619290598        2.3959975414117323        7.4866805690577589     
   475.00000000000000       0.31976065177737156        2.4106694426812929        7.5389808886169165     
   476.00000000000000       0.31948976328065126        2.4253978461210881        7.5914727946714580     
   477.00000000000000       0.31922091230706312        2.4401828912672903        7.6441824366445132     
   478.00000000000000       0.31895301434073409        2.4550247174199518        7.6971359637230936     
   479.00000000000000       0.31868501786580433        2.4699234636471159        7.7503595248621968     
   480.00000000000000       0.31841590357848909        2.4848792687888355        7.8038792687888350     
   481.00000000000000       0.31814502837471281        2.4998922714611207        7.8577128306299819     
   482.00000000000000       0.31787313757003421        2.5149626100597886        7.9118437917884421     
   483.00000000000000       0.31760129366667400        2.5300904227642440        7.9662472200746173     
   484.00000000000000       0.31733052701110731        2.5452758475411734        8.0208981830861887     
   485.00000000000000       0.31706183656257497        2.5605190221481742        8.0757717482117499     
   486.00000000000000       0.31679619070724480        2.5758200841372920        8.1308429826343414     
   487.00000000000000       0.31653452811210114        2.5911791708585024        8.1860869533349376     
   488.00000000000000       0.31627775861306318        2.6065964194631115        8.2414787270958350     
   489.00000000000000       0.31602676413224728        2.6220719669070873        8.2969933705040013     
   490.00000000000000       0.31578239961969601        2.6376059499543287        8.3526059499543290     
   491.00000000000000       0.31554521041748096        2.6531985051798705        8.4082990886458582     
   492.00000000000000       0.31531459903105741        2.6688497689730042        8.4640856375639348     
   493.00000000000000       0.31508970509119671        2.6845598775403676        8.5199860045042506     
   494.00000000000000       0.31486969234046230        2.7003289669089470        8.5760205970828576     
   495.00000000000000       0.31465374784728728        2.7161571729290239        8.6322098227390960     
   496.00000000000000       0.31444108128376974        2.7320446312770810        8.6885740887385090     
   497.00000000000000       0.31423092426269861        2.7479914774586272        8.7451338021756655     
   498.00000000000000       0.31402252972961703        2.7639978468109785        8.8019093699769400     
   499.00000000000000       0.31381517140599036        2.7800638745059838        8.8589211989032464     
   500.00000000000000       0.31360814327979242        2.7961896955526995        8.9161896955526991     
   501.00000000000000       0.31340088886948775        2.8123754448000038        8.9737315517671856     
   502.00000000000000       0.31319338265798158        2.8286212569391678        9.0315486008467936     
   503.00000000000000       0.31298572788273071        2.8449272665063732        9.0896389613404622     
   504.00000000000000       0.31277802500954272        2.8612936078851865        9.1480007516445241     
   505.00000000000000       0.31257037179025321        2.8777204153089708        9.2066320900051029     
   506.00000000000000       0.31236286331982266        2.8942078228632777        9.2655310945205134     
   507.00000000000000       0.31215559209281984        2.9107559644881613        9.3246958831435727     
   508.00000000000000       0.31194864805927136        2.9273649739804801        9.3841245736839038     
   509.00000000000000       0.31174211867985002        2.9440349849961285        9.4438152838101601     
   510.00000000000000       0.31153608898038293        2.9607661310522402        9.5037661310522399     
   511.00000000000000       0.31133069689951715        2.9775585455293521        9.5639735341946306     
   512.00000000000000       0.31112629615571763        2.9944123616735174        9.6244271174520861     
   513.00000000000000       0.31092328514682632        3.0113277125983888        9.6851148062981487     
   514.00000000000000       0.31072205114863671        3.0283047312872524        9.7460245260759919     
   515.00000000000000       0.31052297058850770        3.0453435505950348        9.8071442020004351     
   516.00000000000000       0.31032640932186945        3.0624443032502708        9.8684617591598993     
   517.00000000000000       0.31013272291091437        3.0796071218570229        9.9299651225183361     
   518.00000000000000       0.30994225690482119        3.0968321388967861        9.9916422169171302     
   519.00000000000000       0.30975534712090563        3.1141194867303379        10.053480967076947     
   520.00000000000000       0.30957231992614237        3.1314692975995615        10.115469297599560     
   521.00000000000000       0.30939344664480306        3.1488817036292476        10.177596642000950     
   522.00000000000000       0.30921880865493445        3.1663568368288417        10.239858469806938     
   523.00000000000000       0.30904843945113830        3.1838948290941813        10.302251759461051     
   524.00000000000000       0.30888237118889322        3.2014958122091808        10.364773489294880     
   525.00000000000000       0.30872063473312772        3.2191599178475063        10.427420637529771     
   526.00000000000000       0.30856325970547427        3.2368872775742021        10.490190182278450     
   527.00000000000000       0.30841027453023712        3.2546780228473073        10.553079101546640     
   528.00000000000000       0.30826170647910112        3.2725322850194236        10.616084373234623     
   529.00000000000000       0.30811758171461323        3.2904501953392686        10.679202975138796     
   530.00000000000000       0.30797792533246426        3.3084318849531993        10.742431884953199     
   531.00000000000000       0.30784262857435551        3.3264774849067043        10.805772742754616     
   532.00000000000000       0.30771105703699098        3.3445871261458766        10.869245838454914     
   533.00000000000000       0.30758246057766297        3.3627609395188527        10.932876124351612     
   534.00000000000000       0.30745610731730627        3.3809990557772274        10.996688552645692     
   535.00000000000000       0.30733128316844321        3.3993016055774579        11.060708075442996     
   536.00000000000000       0.30720729140742042        3.4176687194822248        11.124959644755597     
   537.00000000000000       0.30708345228795331        3.4361005279617718        11.189468212503119     
   538.00000000000000       0.30695910269315763        3.4545971613952422        11.254258730514096     
   539.00000000000000       0.30683359582339759        3.4731587500719647        11.319356150527240     
   540.00000000000000       0.30670630091742207        3.4917854241927389        11.384785424192739     
   541.00000000000000       0.30657666080835683        3.5104773138710841        11.450569344107729     
   542.00000000000000       0.30644436226099314        3.5292345491344763        11.516722066920229     
   543.00000000000000       0.30630915741157611        3.5480572599255620        11.583255590227656     
   544.00000000000000       0.30617080515875672        3.5669455761033455        11.650181911543790     
   545.00000000000000       0.30602907108221317        3.5858996274443604        11.717513028299937     
   546.00000000000000       0.30588372736553737        3.6049195436438315        11.785260937846093     
   547.00000000000000       0.30573455272303490        3.6240054543167952        11.853437637452068     
   548.00000000000000       0.30558133233010848        3.6431574889992202        11.922055124308605     
   549.00000000000000       0.30542385775690500        3.6623757771490979        11.991125395528467     
   550.00000000000000       0.30526192690492465        3.6816604481475257        12.060660448147525     
   551.00000000000000       0.30509592308387079        3.7010116312997621        12.130649252505268     
   552.00000000000000       0.30492852306773321        3.7204294558362609        12.200988672384213     
   553.00000000000000       0.30476290895045399        3.7399140509137121        12.271552544872574     
   554.00000000000000       0.30460218322795402        3.7594655456160342        12.342214706985789     
   555.00000000000000       0.30444937099246022        3.7790840689553695        12.412848995667524     
   556.00000000000000       0.30430742268096356        3.7987697498730606        12.483329247790639     
   557.00000000000000       0.30417921732914560        3.8185227172406067        12.553529300158162     
   558.00000000000000       0.30406756628599590        3.8383430998606083        12.623322989504214     
   559.00000000000000       0.30397521734841476        3.8582310264676938        12.692584152494939     
   560.00000000000000       0.30390485927931904        3.8781866257294304        12.761186625729430     
   561.00000000000000       0.30385774664730930        3.8982100262472263        12.829062511188557     
   562.00000000000000       0.30382962322583495        3.9183013565572060        12.896376972579640     
   563.00000000000000       0.30381496297742455        3.9384607451310942        12.963353438993549     
   564.00000000000000       0.30380835751727808        3.9586883203770511        13.030215339457586     
   565.00000000000000       0.30380451032519562        3.9789842106405313        13.097186102936337     
   566.00000000000000       0.30379823296627512        3.9993485442051058        13.164489158332520     
   567.00000000000000       0.30378444318384518        4.0197814492932711        13.232347934487770     
   568.00000000000000       0.30375816473588318        4.0402830540672596        13.300985860183458     
   569.00000000000000       0.30371452885113764        4.0608534866298287        13.370626364141479     
   570.00000000000000       0.30364877718371985        4.0814928750250346        13.441492875025034     
   571.00000000000000       0.30355795164526611        4.1022013472389931        13.513733786268173     
   572.00000000000000       0.30344587811774265        4.1229790312006402        13.587197350562949     
   573.00000000000000       0.30331797379208558        4.1438260547824752        13.661656785373790     
   574.00000000000000       0.30317953832974609        4.1647425458012757        13.736885308109386     
   575.00000000000000       0.30303575147086559        4.1857286320188329        13.812656136123451     
   576.00000000000000       0.30289167253021221        4.2067844411426467        13.888742486715401     
   577.00000000000000       0.30275224164231723        4.2279101008266302        13.964917577131073     
   578.00000000000000       0.30262228262160723        4.2491057386717843        14.040954624563387     
   579.00000000000000       0.30250650730989737        4.2703714822268859        14.116626846153032     
   580.00000000000000       0.30240952129200910        4.2917074589891406        14.191707458989141     
   581.00000000000000       0.30233394736686597        4.3131137964048492        14.266058555346806     
   582.00000000000000       0.30227486304075429        4.3345906218700394        14.339897728398366     
   583.00000000000000       0.30222559120220804        4.3561380627311044        14.413531446503391     
   584.00000000000000       0.30217959637834962        4.3777562462854327        14.487266177972456     
   585.00000000000000       0.30213047952701666        4.3994452997820206        14.561408391067740     
   586.00000000000000       0.30207197568130129        4.4212053504220794        14.636264554003638     
   587.00000000000000       0.30199795424784204        4.4430365253596245        14.712141134947348     
   588.00000000000000       0.30190242176738474        4.4649389517020790        14.789344602019476     
   589.00000000000000       0.30177952694880372        4.4869127565108338        14.868181423294594     
   590.00000000000000       0.30162356778665306        4.5089580668018385        14.948958066801838     
   591.00000000000000       0.30143155659890247        4.5310750095461474        15.031853534749139     
   592.00000000000000       0.30121076817084169        4.5532637116704811        15.116536966194868     
   593.00000000000000       0.30097084303036020        4.5755243000577703        15.202550034377309     
   594.00000000000000       0.30072118938495457        4.5978569015476936        15.289434412491486     
   595.00000000000000       0.30047097854972571        4.6202616429372041        15.376731773689702     
   596.00000000000000       0.30022914623452229        4.6427386509810598        15.463983791082065     
   597.00000000000000       0.30000439921867483        4.6652880523923210        15.550732137736979     
   598.00000000000000       0.29980522696505491        4.6879099738428813        15.636518486681691     
   599.00000000000000       0.29963991776016441        4.7106045419639422        15.720884510902749     
   600.00000000000000       0.29951657901150286        4.7333718833465213        15.803371883346522     
   601.00000000000000       0.29944031492298556        4.7562121245419275        15.883673264788008     
   602.00000000000000       0.29940482787746753        4.7791253920622472        15.962085267436372     
   603.00000000000000       0.29940115956182739        4.8021118123808053        16.039055491330362     
   604.00000000000000       0.29942054416788716        4.8251715119326439        16.115031536470447     
   605.00000000000000       0.29945438961069276        4.8483046171149615        16.190461002819244     
   606.00000000000000       0.29949426421653513        4.8715112542875740        16.265791490301993     
   607.00000000000000       0.29953188852726054        4.8947915497733652        16.341470598807003     
   608.00000000000000       0.29955913190183647        4.9181456298587092        16.417945928186068     
   609.00000000000000       0.29956801361759239        4.9415736207939132        16.495665078254920     
   610.00000000000000       0.29955070818364604        4.9650756487936425        16.575075648793643     
   611.00000000000000       0.29950164910064037        4.9886518400373339        16.656508753850023     
   612.00000000000000       0.29942373674189759        5.0123023206696136        16.739829564648723     
   613.00000000000000       0.29932190444001572        5.0360272168007105        16.824786766682934     
   614.00000000000000       0.29920099603755518        5.0598266545068524        16.911129045411840     
   615.00000000000000       0.29906576063347168        5.0837007598306512        16.998605086261016     
   616.00000000000000       0.29892084901306160        5.1076496587815123        17.086963574622825     
   617.00000000000000       0.29877081165858588        5.1316734773360206        17.175953195856810     
   618.00000000000000       0.29862009823668079        5.1557723414383068        17.265322635290062     
   619.00000000000000       0.29847305845972749        5.1799463770004222        17.354820578217595     
   620.00000000000000       0.29833394422125187        5.2041957099027201        17.444195709902722     
   621.00000000000000       0.29820614831266939        5.2285204659942153        17.533241670497375     
   622.00000000000000       0.29808994808282380        5.2529207710929446        17.621931919802371     
   623.00000000000000       0.29798485958735521        5.2773967509863136        17.710284872507852     
   624.00000000000000       0.29789041023085827        5.3019485314314565        17.798318943273692     
   625.00000000000000       0.29780613828787234        5.3265762381555746        17.886052546729829     
   626.00000000000000       0.29773159245044328        5.3512799968562783        17.973504097476610     
   627.00000000000000       0.29766633140080789        5.3760599332019234        18.060692010085130     
   628.00000000000000       0.29760992340784326        5.4009161728319430        18.147634699097559     
   629.00000000000000       0.29756194594600982        5.4258488413571655        18.234350579027470     
   630.00000000000000       0.29752198533559893        5.4508580643601494        18.320858064360149     
   631.00000000000000       0.29748920543795376        5.4759439673954944        18.407202235570164     
   632.00000000000000       0.29746107082419604        5.5011066759901546        18.493534837173335     
   633.00000000000000       0.29743466736705620        5.5263463156437416        18.580034279675356     
   634.00000000000000       0.29740713590599721        5.5516630118288459        18.666878973554908     
   635.00000000000000       0.29737567133866977        5.5770568899913169        18.754247329263933     
   636.00000000000000       0.29733752225898236        5.6025280755505804        18.842317757227939     
   637.00000000000000       0.29728999110655974        5.6280766938999189        18.931268667846297     
   638.00000000000000       0.29723043479333167        5.6537028704067636        19.021278471492529     
   639.00000000000000       0.29715626577355614        5.6794067304129676        19.112525578514578     
   640.00000000000000       0.29706495352382678        5.7051883992351184        19.205188399235119     
   641.00000000000000       0.29695497451309366        5.7310480021647843        19.299383724962940     
   642.00000000000000       0.29682861797715415        5.7569856644688029        19.394981871026658     
   643.00000000000000       0.29668907044171888        5.7830015113895463        19.491791533741548     
   644.00000000000000       0.29653945559959155        5.8090956681451962        19.589621409398706     
   645.00000000000000       0.29638283295204559        5.8352682599299941        19.688280194265278     
   646.00000000000000       0.29622219713761483        5.8615194119145153        19.787576584584752     
   647.00000000000000       0.29606047790365009        5.8878492492459165        19.887319276577191     
   648.00000000000000       0.29590054067680827        5.9142578970481914        19.987316966439501     
   649.00000000000000       0.29574518768996994        5.9407454804224180        20.087378350345666     
   650.00000000000000       0.29559715962485883        5.9673121244470115        20.187312124447011     
   651.00000000000000       0.29545855794032222        5.9939579541779580        20.286966794810660     
   652.00000000000000       0.29532913262941157        6.0206830946490655        20.386350107234463     
   653.00000000000000       0.29520806578938918        6.0474876708721998        20.485509617432573     
   654.00000000000000       0.29509455700099174        6.0743718078375055        20.584492881097400     
   655.00000000000000       0.29498782264875767        6.1013356305136570        20.683347453899898     
   656.00000000000000       0.29488709529919199        6.1283792638480685        20.782120891489757     
   657.00000000000000       0.29479162313343876        6.1555028327671346        20.880860749495646     
   658.00000000000000       0.29470066943133955        6.1827064621764380        20.979614583525429     
   659.00000000000000       0.29461351210394976        6.2099902769609852        21.078429949166377     
   660.00000000000000       0.29452944327175484        6.2373544019854101        21.177354401985411     
   661.00000000000000       0.29444787435092057        6.2647989620941917        21.276427876765229     
   662.00000000000000       0.29436864796520223        6.2923240821118691        21.375659825212413     
   663.00000000000000       0.29429171411622157        6.3199298868432452        21.475052078249750     
   664.00000000000000       0.29421702364987934        6.3476165010736008        21.574606466780509     
   665.00000000000000       0.29414452823874343        6.3753840495688889        21.674324821688632     
   666.00000000000000       0.29407418036490934        6.4032326570759395        21.774208973838938     
   667.00000000000000       0.29400593330331865        6.4311624483226595        21.874260754077326     
   668.00000000000000       0.29393974110552035        6.4591735480182262        21.974481993230956     
   669.00000000000000       0.29387555858386161        6.4872660808532778        22.074874522108455     
   670.00000000000000       0.29381334129609582        6.5154401715001189        22.175440171500121     
   671.00000000000000       0.29375316852280270        6.5436959446128924        22.276171445296040     
   672.00000000000000       0.29369560760066599        6.5720335248277726        22.377023539840199     
   673.00000000000000       0.29364133698067180        6.6004530367631489        22.477942324576759     
   674.00000000000000       0.29359102239634810        6.6289546050198114        22.578873668932282     
   675.00000000000000       0.29354531722140853        6.6575383541811259        22.679763442315902     
   676.00000000000000       0.29350486284934268        6.6862044088132091        22.780557514119508     
   677.00000000000000       0.29347028909327344        6.7149528934651164        22.881201753717932     
   678.00000000000000       0.29344221460451259        6.7437839326689950        22.981642030469082     
   679.00000000000000       0.29342124730835822        6.7726976509402759        23.081824213714167     
   680.00000000000000       0.29340798485578462        6.8016941727778262        23.181694172777824     
   681.00000000000000       0.29340244887875694        6.8307736226641280        23.281242705260503     
   682.00000000000000       0.29340240603399842        6.8599361250654338        23.380640321915184     
   683.00000000000000       0.29340509972852646        6.8891818044319360        23.480102461770986     
   684.00000000000000       0.29340781982113739        6.9185107851979257        23.579844563841135     
   685.00000000000000       0.29340790171619785        6.9479231917819551        23.680082067123102     
   686.00000000000000       0.29340272595914385        6.9774191485869776        23.781030410598770     
   687.00000000000000       0.29338971830478089        7.0069987800005347        23.882905033234607     
   688.00000000000000       0.29336635023025398        7.0366622103948782        23.985921373981796     
   689.00000000000000       0.29333013986499495        7.0664095641271398        24.090294871776393     
   690.00000000000000       0.29327865331007463        7.0962409655394767        24.196240965539474     
   691.00000000000000       0.29321047612363199        7.1261565389592141        24.303894707890571     
   692.00000000000000       0.29312808770495341        7.1561564086989966        24.413069606287575     
   693.00000000000000       0.29303488719010362        7.1862406990569347        24.523498781887117     
   694.00000000000000       0.29293421268478265        7.2164095343167443        24.634915355831438     
   695.00000000000000       0.29282934012482531        7.2466630387478874        24.747052449248525     
   696.00000000000000       0.29272348291419459        7.2770013366057089        24.859643183252231     
   697.00000000000000       0.29261979229324098        7.3074245521315797        24.972420678942466     
   698.00000000000000       0.29252135839108934        7.3379328095530338        25.085118057405271     
   699.00000000000000       0.29243121191772492        7.3685262330838972        25.197468439712999     
   700.00000000000000       0.29235232645360409        7.3992049469244199        25.309204946924421     
   701.00000000000000       0.29228651037144449        7.4299690752614218        25.420157316939619     
   702.00000000000000       0.29223111729653922        7.4608187422683976        25.530541755064334     
   703.00000000000000       0.29218244903669827        7.4917540721056675        25.640671083445877     
   704.00000000000000       0.29213687375510711        7.5227751889204937        25.750858124218500     
   705.00000000000000       0.29209082382107310        7.5538822168472155        25.861415699503517     
   706.00000000000000       0.29204079458065568        7.5850752800073513        25.972656631409450     
   707.00000000000000       0.29198334399335008        7.6163545025097514        26.084893742032129     
   708.00000000000000       0.29191509308300179        7.6477200084506860        26.198439853454815     
   709.00000000000000       0.29183272715227720        7.6791719219139969        26.313607787748339     
   710.00000000000000       0.29173299771037531        7.7107103669712007        26.430710366971198     
   711.00000000000000       0.29161410988271352        7.7423354676815963        26.549934332037449     
   712.00000000000000       0.29147982435513958        7.7740473480923988        26.670962099320068     
   713.00000000000000       0.29133520560361331        7.8058461322388437        26.793350004047813     
   714.00000000000000       0.29118522061008456        7.8377319441443056        26.916654381437596     
   715.00000000000000       0.29103473768197707        7.8697049078204007        27.040431566694551     
   716.00000000000000       0.29088852695985273        7.9017651472671036        27.164237895012182     
   717.00000000000000       0.29075126250396416        7.9339127864728658        27.287629701572467     
   718.00000000000000       0.29062752585472040        7.9661479494147027        27.410163321545944     
   719.00000000000000       0.29052181096833884        7.9984707600583160        27.531395090091848     
   720.00000000000000       0.29043853043684886        8.0308813423581977        27.650881342358197     
   721.00000000000000       0.29038058285840385        8.0633798202577260        27.768316121156118     
   722.00000000000000       0.29034509001276115        8.0959663176892889        27.883944299982680     
   723.00000000000000       0.29032780400418157        8.1286409585743513        27.998148459998255     
   724.00000000000000       0.29032455348248259        8.1614038668235871        28.111311182352424     
   725.00000000000000       0.29033123808201122        8.1942551663369816        28.223815048184072     
   726.00000000000000       0.29034382415102628        8.2271949810038976        28.336042638621482     
   727.00000000000000       0.29035834170023150        8.2602234347031995        28.448376534782412     
   728.00000000000000       0.29037088250500126        8.2933406513033443        28.561199317774232     
   729.00000000000000       0.29037759930007351        8.3265467546624805        28.674893568693996     
   730.00000000000000       0.29037470600830262        8.3598418686285303        28.789841868628528     
   731.00000000000000       0.29035912934272406        8.3932261170392959        28.906362049089871     
   732.00000000000000       0.29033044034806366        8.4266996237225502        29.024512943321312     
   733.00000000000000       0.29028886648955515        8.4602625124961133        29.144288634991518     
   734.00000000000000       0.29023463579746328        8.4939149071679658        29.265683207759327     
   735.00000000000000       0.29016797670402233        8.5276569315363240        29.388690745273795     
   736.00000000000000       0.29008911788495612        8.5614887093897298        29.513305331174315     
   737.00000000000000       0.28999828810563183        8.5954103645071385        29.639521049090682     
   738.00000000000000       0.28989571607188946        8.6294220206580121        29.767331982643213     
   739.00000000000000       0.28978163028557852        8.6635238016023877        29.896732215442793     
   740.00000000000000       0.28965625890482449        8.6977158310909886        30.027715831090987     
   741.00000000000000       0.28952039318387141        8.7319982328652799        30.160218203764590     
   742.00000000000000       0.28937705588264589        8.7663711306575731        30.293939869969137     
   743.00000000000000       0.28922977127279337        8.8008346481910991        30.428522656785560     
   744.00000000000000       0.28908199568802234        8.8353889091800841        30.563608391285797     
   745.00000000000000       0.28893711798252653        8.8700340373298374        30.698838900532859     
   746.00000000000000       0.28879846078908461        8.9047701563368307        30.833856011580913     
   747.00000000000000       0.28866928252521096        8.9395973898887782        30.968301551475388     
   748.00000000000000       0.28855278009847080        8.9745158616646989        31.101817347253000     
   749.00000000000000       0.28845209226539836        9.0095256953350109        31.234045225941873     
   750.00000000000000       0.28837030360228655        9.0446270145616108        31.364627014561613     
   751.00000000000000       0.28830935427081933        9.0798199429979256        31.493324127350110     
   752.00000000000000       0.28826679701398167        9.1151046042890087        31.620376327443992     
   753.00000000000000       0.28823914552715307        9.1504811220716125        31.746142965198345     
   754.00000000000000       0.28822297408556785        9.1859496199742292        31.870983390960006     
   755.00000000000000       0.28821491368446839        9.2215102216172120        31.995256955067656     
   756.00000000000000       0.28821164905467717        9.2571630506128333        32.119323007851911     
   757.00000000000000       0.28820991650673233        9.2929082305653044        32.243540899635320     
   758.00000000000000       0.28820650256019070        9.3287458850709299        32.368269980732514     
   759.00000000000000       0.28819824331726079        9.3646761377180976        32.493869601450228     
   760.00000000000000       0.28818202454171293        9.4006991120874073        32.620699112087408     
   761.00000000000000       0.28815530716533044        9.4368149317516927        32.749058223443640     
   762.00000000000000       0.28811768575324648        9.4730237202761245        32.879008088344619     
   763.00000000000000       0.28806928505612145        9.5093256012182490        33.010550220116833     
   764.00000000000000       0.28801023097092765        9.5457206981280756        33.143686132079246     
   765.00000000000000       0.28794065046290174        9.5822091345481315        33.278417337543324     
   766.00000000000000       0.28786067148847239        9.6187910340135119        33.414745349813110     
   767.00000000000000       0.28777042291921318        9.6554665200519736        33.552671682185306     
   768.00000000000000       0.28767003446686362        9.6922357161839674        33.692197847949316     
   769.00000000000000       0.28755963660946388        9.7290987459227409        33.833325360387335     
   770.00000000000000       0.28743936051864033        9.7660557327743405        33.976055732774341     
   771.00000000000000       0.28730985188336761        9.8031068002377211        34.120329449117733     
   772.00000000000000       0.28717379307745117        9.8402520718048070        34.265842876375828     
   773.00000000000000       0.28703432712211263        9.8774916709605094        34.412231352239417     
   774.00000000000000       0.28689453871306458        9.9148257211828295        34.559130214392361     
   775.00000000000000       0.28675745463588703        9.9522543459428903        34.706174800511668     
   776.00000000000000       0.28662604482311022        9.9897776687050115        34.853000448267537     
   777.00000000000000       0.28650322401310874        10.027395812926756        34.999242495323401     
   778.00000000000000       0.28639185397295985        10.065108902058984        35.144536279335995     
   779.00000000000000       0.28629474624989254        10.102917059545936        35.288517137955438     
   780.00000000000000       0.28621466541879231        10.140820408825231        35.430820408825227     
   781.00000000000000       0.28615333723078240        10.178819073328004        35.571205186115989     
   782.00000000000000       0.28610849806149774        10.216913176478871        35.709925590126268     
   783.00000000000000       0.28607693803386630        10.255102841696056        35.847359497681836     
   784.00000000000000       0.28605550105890754        10.293388192391410        35.983884785602108     
   785.00000000000000       0.28604108162645364        10.331769351970451        36.119879330700130     
   786.00000000000000       0.28603062234052085        10.370246443832460        36.255721009782761     
   787.00000000000000       0.28602111216070952        10.408819591370488        36.391787699650578     
   788.00000000000000       0.28600958531368403        10.447488917971436        36.528457277098042     
   789.00000000000000       0.28599312084075629        10.486254547016101        36.666107618913493     
   790.00000000000000       0.28596884274894024        10.525116601879205        36.805116601879206     
   791.00000000000000       0.28593449341640037        10.564075205929477        36.945788105897520     
   792.00000000000000       0.28589013454840390        10.603130482529682        37.088130023369075     
   793.00000000000000       0.28583639772411706        10.642282555036667        37.232076249814625     
   794.00000000000000       0.28577390691797694        10.681531546801432        37.377560680749113     
   795.00000000000000       0.28570327822450098        10.720877581169152        37.524517211681626     
   796.00000000000000       0.28562511961602161        10.760320781479239        37.672879738115512     
   797.00000000000000       0.28554003073217188        10.799861271065380        37.822582155548382     
   798.00000000000000       0.28544860269993039        10.839499173255593        37.973558359472172     
   799.00000000000000       0.28535141798301761        10.879234611372285        38.125742245373218     
   800.00000000000000       0.28524905025942898        10.919067708732250        38.279067708732249     
   801.00000000000000       0.28514212196523769        10.958998588646757        38.433460875986583     
   802.00000000000000       0.28503147510752253        10.999027374421610        38.588816797416648     
   803.00000000000000       0.28491799474149271        11.039154189357124        38.745022754259502     
   804.00000000000000       0.28480255082341754        11.079379156748226        38.901966027746816     
   805.00000000000000       0.28468599826633678        11.119702399884504        39.059533899104913     
   806.00000000000000       0.28456917704825424        11.160124042050194        39.217613649554806     
   807.00000000000000       0.28445291236981685        11.200644206524284        39.376092560312202     
   808.00000000000000       0.28433801485856303        11.241263016580511        39.534857912587597     
   809.00000000000000       0.28422528081694287        11.281980595487438        39.693796987586303     
   810.00000000000000       0.28411549251141344        11.322797066508466        39.852797066508465     
   811.00000000000000       0.28400931150946723        11.363712552901895        40.011760503574521     
   812.00000000000000       0.28390696176205887        11.404727177920952        40.170649945101388     
   813.00000000000000       0.28380855727350091        11.445841064813839        40.329443110426368     
   814.00000000000000       0.28371421009445319        11.487054336823769        40.488117718881746     
   815.00000000000000       0.28362403038497336        11.528367117189005        40.646651489794877     
   816.00000000000000       0.28353812647722793        11.569779529142904        40.805022142488198     
   817.00000000000000       0.28345660493784031        11.611291695913955        40.963207396279287     
   818.00000000000000       0.28337957062985714        11.652903740725803        41.121184970480869     
   819.00000000000000       0.28330712677431608        11.694615786797318        41.278932584400920     
   820.00000000000000       0.28323937501139940        11.736427957342592        41.436427957342588     
   821.00000000000000       0.28317616031223347        11.778340375571011        41.593686285540670     
   822.00000000000000       0.28311631369419898        11.820353164687264        41.750872672970459     
   823.00000000000000       0.28305843160146971        11.862466447891416        41.908189700538927     
   824.00000000000000       0.28300113257621784        11.904680348378914        42.065839949148426     
   825.00000000000000       0.28294305686119142        11.946994989340617        42.224025999696728     
   826.00000000000000       0.28288286613963315        11.989410493962847        42.382950433077070     
   827.00000000000000       0.28281924340542758        12.031926985427448        42.542815830178206     
   828.00000000000000       0.28275089295658323        12.074544586911772        42.703824771884399     
   829.00000000000000       0.28267654050531971        12.117263421588738        42.866179839075478     
   830.00000000000000       0.28259493339814440        12.160083612626876        43.030083612626875     
   831.00000000000000       0.28250533132264027        12.203005283190342        43.195663692639059     
   832.00000000000000       0.28240896138111998        12.246028556438958        43.362747756125728     
   833.00000000000000       0.28230751812508958        12.289153555528268        43.531088499325698     
   834.00000000000000       0.28220266874841493        12.332380403609513        43.700438618473484     
   835.00000000000000       0.28209605294185996        12.375709223829730        43.870550809799404     
   836.00000000000000       0.28198928294610892        12.419140139331750        44.041177769529547     
   837.00000000000000       0.28188394379256665        12.462673273254213        44.212072193885831     
   838.00000000000000       0.28178159372151185        12.506308748731664        44.382986779086075     
   839.00000000000000       0.28168376476753632        12.550046688894492        44.553674221343933     
   840.00000000000000       0.28159196350264620        12.593887216869055        44.723887216869052     
   841.00000000000000       0.28150715494340284        12.637830455777646        44.893460908013111     
   842.00000000000000       0.28142822925159111        12.681876528738540        45.062560221708253     
   843.00000000000000       0.28135358193963861        12.726025558866047        45.231432531028801     
   844.00000000000000       0.28128163422772789        12.770277669270513        45.400325209045086     
   845.00000000000000       0.28121083234156291        12.814632983058358        45.569485628823543     
   846.00000000000000       0.28113964699497651        12.859091623332121        45.739161163426701     
   847.00000000000000       0.28106657304796911        12.903653713190463        45.909599185913223     
   848.00000000000000       0.28099012933115308        12.948319375728222        46.081047069337941     
   849.00000000000000       0.28090885862786141        12.993088734036423        46.253752186751896     
   850.00000000000000       0.28082132780539876        13.037961911202315        46.427961911202317     
   851.00000000000000       0.28072657868041706        13.082939030309388        46.603848811918816     
   852.00000000000000       0.28062546519737441        13.128020214437431        46.781286242871801     
   853.00000000000000       0.28051927550475081        13.173205586662519        46.960072754214075     
   854.00000000000000       0.28040927739346894        13.218495270057085        47.140006896094796     
   855.00000000000000       0.28029671815746726        13.263889387689883        47.320887218659450     
   856.00000000000000       0.28018282457151672        13.309388062626093        47.502512272049955     
   857.00000000000000       0.28006880298016618        13.354991417927284        47.684680606404612     
   858.00000000000000       0.27995583949183761        13.400699576651499        47.867190771858176     
   859.00000000000000       0.27984510027225312        13.446512661853195        48.049841318541851     
   860.00000000000000       0.27973773193158519        13.492430796583374        48.232430796583373     
   861.00000000000000       0.27963464962839329        13.538454103889526        48.414794525216344     
   862.00000000000000       0.27953590746941354        13.584582706815693        48.596914900108494     
   863.00000000000000       0.27944134809602428        13.630816728402502        48.778811086033528     
   864.00000000000000       0.27935081675581502        13.677156291687158        48.960502247761738     
   865.00000000000000       0.27926416123158010        13.723601519703484        49.142007550060008     
   866.00000000000000       0.27918123177323234        13.770152535481952        49.323346157691901     
   867.00000000000000       0.27910188103252453        13.816809462049715        49.504537235417644     
   868.00000000000000       0.27902596400046664        13.863572422430602        49.685599947994149     
   869.00000000000000       0.27895333794733723        13.910441539645168        49.866553460175048     
   870.00000000000000       0.27888386236518597        13.957416936710706        50.047416936710704     
   871.00000000000000       0.27881730050788767        14.004498736641274        50.228227269724570     
   872.00000000000000       0.27875302712727279        14.051687062447728        50.409092260842151     
   873.00000000000000       0.27869032880411798        14.098982037137720        50.590137439062048     
   874.00000000000000       0.27862850288781454        14.146383783715732        50.771488333379715     
   875.00000000000000       0.27856685730827918        14.193892425183140        50.953270472787466     
   876.00000000000000       0.27850471042515385        14.241508084538150        51.135609386274467     
   877.00000000000000       0.27844139091250031        14.289230884775909        51.318630602826843     
   878.00000000000000       0.27837623767724395        14.337060948888469        51.502459651427579     
   879.00000000000000       0.27830859980968309        14.384998399864838        51.687222061056644     
   880.00000000000000       0.27823783656441931        14.433043360690970        51.873043360690971     
   881.00000000000000       0.27816341182917459        14.481195954349843        52.060031400689823     
   882.00000000000000       0.27808517460358556        14.529456303821428        52.248223316950927     
   883.00000000000000       0.27800307051441314        14.577824532082726        52.437638566754373     
   884.00000000000000       0.27791704662653893        14.626300762107801        52.628296607377308     
   885.00000000000000       0.27782705144387582        14.674885116867774        52.820216896093953     
   886.00000000000000       0.27773303491013740        14.723577719330891        53.013418890175650     
   887.00000000000000       0.27763494840944836        14.772378692462484        53.207922046890822     
   888.00000000000000       0.27753274476678419        14.821288159225043        53.403745823505048     
   889.00000000000000       0.27742637824822264        14.870306242578192        53.600909677281052     
   890.00000000000000       0.27731580456099736        14.919433065478765        53.799433065478759     
   891.00000000000000       0.27720117085612056        14.968668750880758        53.999298432437527     
   892.00000000000000       0.27708337944749423        15.018013421735406        54.200340170822976     
   893.00000000000000       0.27696350678366655        15.067467200991167        54.402355660380259     
   894.00000000000000       0.27684261188885889        15.117030211593761        54.605142280851751     
   895.00000000000000       0.27672173645781872        15.166702576486175        54.808497411977129     
   896.00000000000000       0.27660190502959930        15.216484418608694        55.012218433493324     
   897.00000000000000       0.27648412523598115        15.266375860898924        55.216102725134633     
   898.00000000000000       0.27636938812039885        15.316377026291784        55.419947666632623     
   899.00000000000000       0.27625866852340258        15.366488037719558        55.623550637716271     
   900.00000000000000       0.27615292553086440        15.416709018111888        55.826709018111885     
   901.00000000000000       0.27605272986259549        15.467040090395809        56.029295917828762     
   902.00000000000000       0.27595715681392363        15.517481377495740        56.231487368015941     
   903.00000000000000       0.27586492617274483        15.568033002333568        56.433535130105540     
   904.00000000000000       0.27577477773397940        15.618695087828572        56.635690965527068     
   905.00000000000000       0.27568547081943751        15.669467756897498        56.838206635707500     
   906.00000000000000       0.27559578391773482        15.720351132454605        57.041333902071308     
   907.00000000000000       0.27550451443833357        15.771345337411590        57.245324526040413     
   908.00000000000000       0.27541047857401296        15.822450494677696        57.450430269034300     
   909.00000000000000       0.27531251126624079        15.873666727159680        57.656902892469930     
   910.00000000000000       0.27520946626805665        15.924994157761857        57.864994157761856     
   911.00000000000000       0.27510062324577733        15.976432909386070        58.074869918097505     
   912.00000000000000       0.27498689567417089        16.027983104931778        58.286352393763408     
   913.00000000000000       0.27486958698218494        16.079644867296004        58.499177896819006     
   914.00000000000000       0.27474998018746249        16.131418319373402        58.713082739321401     
   915.00000000000000       0.27462933786922733        16.183303584056233        58.927803233325271     
   916.00000000000000       0.27450890226084601        16.235300784234411        59.143075690882966     
   917.00000000000000       0.27438989545585235        16.287410042795518        59.358636424044491     
   918.00000000000000       0.27427351972139258        16.339631482624799        59.574221744857539     
   919.00000000000000       0.27416095791326134        16.391965226605183        59.789567965367453     
   920.00000000000000       0.27405337398693819        16.444411397617312        60.004411397617304     
   921.00000000000000       0.27395151370461668        16.496970118539547        60.218576256260846     
   922.00000000000000       0.27385451804560590        16.549641512247995        60.432238366401272     
   923.00000000000000       0.27376114470661272        16.602425701616504        60.645661455752496     
   924.00000000000000       0.27367017056632631        16.655322809516694        60.859109252026187     
   925.00000000000000       0.27358039119836780        16.708332958817952        61.072845482931797     
   926.00000000000000       0.27349062049878264        16.761456272387491        61.287133876176568     
   927.00000000000000       0.27339969042252527        16.814692873090308        61.502238159465570     
   928.00000000000000       0.27330645082360883        16.868042883789233        61.718422060501666     
   929.00000000000000       0.27320976939375669        16.921506427344944        61.935949306985613     
   930.00000000000000       0.27310853169453264        16.975083626615977        62.155083626615976     
   931.00000000000000       0.27300201637176530        17.028774604458725        62.376003044862095     
   932.00000000000000       0.27289100872894306        17.082579483727464        62.598542778282720     
   933.00000000000000       0.27277665466163215        17.136498387274372        62.822452341207388     
   934.00000000000000       0.27266008249147627        17.190531437949545        63.047481247963553     
   935.00000000000000       0.27254240294471349        17.244678758600990        63.273379012876589     
   936.00000000000000       0.27242470922412476        17.298940472074658        63.499895150269793     
   937.00000000000000       0.27230807716966815        17.353316701214464        63.726779174464440     
   938.00000000000000       0.27219356550318191        17.407807568862282        63.953780599779783     
   939.00000000000000       0.27208221615268874        17.462413197857931        64.180648940532990     
   940.00000000000000       0.27197505465201094        17.517133711039289        64.407133711039293     
   941.00000000000000       0.27187277552506994        17.571969231242189        64.633059331907404     
   942.00000000000000       0.27177480721290498        17.626919881300505        64.858549848926202     
   943.00000000000000       0.27168027434072806        17.681985784046127        65.083804214178059     
   944.00000000000000       0.27158831486962753        17.737167062309005        65.309021379743470     
   945.00000000000000       0.27149807975798834        17.792463838917133        65.534400297700898     
   946.00000000000000       0.27140873268175547        17.847876236696571        65.760139920126946     
   947.00000000000000       0.27131944981078310        17.903404378471500        65.986439199096296     
   948.00000000000000       0.27122941963862029        17.959048387064151        66.213497086681684     
   949.00000000000000       0.27113784286318782        18.014808385294874        66.441512534953972     
   950.00000000000000       0.27104393231587659        18.070684495982150        66.670684495982158     
   951.00000000000000       0.27094705032318700        18.126676841942583        66.901177998878353     
   952.00000000000000       0.27084711668150951        18.182785545990924        67.133022380932900     
   953.00000000000000       0.27074418916272819        18.239010730940088        67.366213056479324     
   954.00000000000000       0.27063832507409585        18.295352519601131        67.600745439849277     
   955.00000000000000       0.27052958125286225        18.351811034783314        67.836614945372631     
   956.00000000000000       0.27041801406122790        18.408386399294081        68.073816987377413     
   957.00000000000000       0.27030367938161798        18.465078735939091        68.312346980189901     
   958.00000000000000       0.27018663261226855        18.521888167522185        68.552200338134526     
   959.00000000000000       0.27006692866311960        18.578814816845455        68.793372475533999     
   960.00000000000000       0.26994462195200664        18.635858806709230        69.035858806709228     
   961.00000000000000       0.26981988018124786        18.693020259912075        69.279625531503797     
   962.00000000000000       0.26969332204034263        18.750299299250841        69.524521991857256     
   963.00000000000000       0.26956566951954403        18.807696047520622        69.770368315231735     
   964.00000000000000       0.26943763327501896        18.865210627514781        70.016984629087730     
   965.00000000000000       0.26930991272109517        18.922843162025021        70.264191060883988     
   966.00000000000000       0.26918319615838576        18.980593773841324        70.511807738077593     
   967.00000000000000       0.26905816093590273        19.038462585751958        70.759654788123896     
   968.00000000000000       0.26893547364532705        19.096449720543561        71.007552338476614     
   969.00000000000000       0.26881579034567693        19.154555301001079        71.255320516587801     
   970.00000000000000       0.26869975681669250        19.212779449907835        71.502779449907834     
   971.00000000000000       0.26858778131246502        19.271122290045447        71.749810046742752     
   972.00000000000000       0.26847935924620164        19.329583944193974        71.996536338826360     
   973.00000000000000       0.26837376798370266        19.388164535131800        72.243143138748081     
   974.00000000000000       0.26827029584953427        19.446864185635711        72.489815259095792     
   975.00000000000000       0.26816824187558136        19.505683018480898        72.736737512455719     
   976.00000000000000       0.26806691559033102        19.564621156440946        72.984094711412524     
   977.00000000000000       0.26796563684699887        19.623678722287870        73.232071668549281     
   978.00000000000000       0.26786373568868266        19.682855838792104        73.480853196447498     
   979.00000000000000       0.26776055224879380        19.742152628722522        73.730624107687078     
   980.00000000000000       0.26765543668506986        19.801569214846445        73.981569214846445     
   981.00000000000000       0.26754787135749780        19.861105719929654        74.233839421548680     
   982.00000000000000       0.26743783372786945        19.920762266736375        74.487449995600429     
   983.00000000000000       0.26732542319751446        19.980538978029337        74.742382295853076     
   984.00000000000000       0.26721073796010697        20.040435976569750        74.998617681156489     
   985.00000000000000       0.26709387499923787        20.100453385117291        75.256137510359025     
   986.00000000000000       0.26697493008683348        20.160591326430168        75.514923142307580     
   987.00000000000000       0.26685399778238678        20.220849923265106        75.774955935847515     
   988.00000000000000       0.26673117143297420        20.281229298377333        76.036217249822712     
   989.00000000000000       0.26660654317402865        20.341729574520606        76.298688443075633     
   990.00000000000000       0.26648020393084032        20.402350874447254        76.562350874447247     
   991.00000000000000       0.26635229592712750        20.463093320908104        76.827170757734677     
   992.00000000000000       0.26622316855481670        20.523957036652586        77.093053726563994     
   993.00000000000000       0.26609321798042768        20.584942144428673        77.359890269517450     
   994.00000000000000       0.26596283426389206        20.646048766982940        77.627570875175891     
   995.00000000000000       0.26583240140926273        20.707277027060503        77.895986032118699     
   996.00000000000000       0.26570229742621082        20.768627047405108        78.165026228923892     
   997.00000000000000       0.26557289440174237        20.830098950759087        78.434581954168081     
   998.00000000000000       0.26544455858159000        20.891692859863387        78.704543696426470     
   999.00000000000000       0.26531765046075012        20.953408897457564        78.974801944272883     
   1000.0000000000000       0.26519252488265715        21.015247186279829        79.245247186279826     
