 sin(alpha):  0.10000000000000001        tg(beta):   1.0000000000000000     
 rmh:   125.00000000000000     
   250.00000000000000        0.0000000000000000        0.0000000000000000        4.0400000000000005E-002
   251.00000000000000       0.12626668333675137        5.9371893684978822E-003   4.7021028917529149E-002
   252.00000000000000       0.16786417931572978        8.4274935273742080E-003   5.0204239890413040E-002
   253.00000000000000       0.19606737834952889        1.0359842702077644E-002   5.2838176290648284E-002
   254.00000000000000       0.21753837225990261        1.2007098523756978E-002   5.5195312895931631E-002
   255.00000000000000       0.23482809569557209        1.3474570548766076E-002   5.7380572409164887E-002
   256.00000000000000       0.24923023703142380        1.4816089192116640E-002   5.9447398391907706E-002
   257.00000000000000       0.26150485436576809        1.6063532423011451E-002   6.1427281959910811E-002
   258.00000000000000       0.27214178456691984        1.7237608940529309E-002   6.3340544958800954E-002
   259.00000000000000       0.28147761310778624        1.8352662453757721E-002   6.5201144244213610E-002
   260.00000000000000       0.28975480121149799        1.9419108444792749E-002   6.7019108444792752E-002
   261.00000000000000       0.29715385118352566        2.0444789629169288E-002   6.8802034864230477E-002
   262.00000000000000       0.30381096356904097        2.1435784182718767E-002   7.0556322032952215E-002
   263.00000000000000       0.30983213884569222        2.2396914589849510E-002   7.2287254231569550E-002
   264.00000000000000       0.31530184110367693        2.3332082345135660E-002   7.3999194750859865E-002
   265.00000000000000       0.32028846602403388        2.4244496192414821E-002   7.5695814130864014E-002
   266.00000000000000       0.32484816676549849        2.5136832545184645E-002   7.7380250581282894E-002
   267.00000000000000       0.32902760012102111        2.6011351181236597E-002   7.9055225676111202E-002
   268.00000000000000       0.33286594146721477        2.6869980554171065E-002   8.0723129665152576E-002
   269.00000000000000       0.33639639174674618        2.7714381929324669E-002   8.2386085609946910E-002
   270.00000000000000       0.33964732362452821        2.8545998427123971E-002   8.4045998427123986E-002
   271.00000000000000       0.34264364743341974        2.9366093094973969E-002   8.5704472605698009E-002
   272.00000000000000       0.34540890417691400        3.0175778862375834E-002   8.7362481098403263E-002
   273.00000000000000       0.34796429273461021        3.0976042396240945E-002   8.9020750240790203E-002
   274.00000000000000       0.35032861249334873        3.1767763306976164E-002   9.0679899311904760E-002
   275.00000000000000       0.35251861559025688        3.2551729765392931E-002   9.2340456151197417E-002
   276.00000000000000       0.35454929542321334        3.3328651316414146E-002   9.4002869972230174E-002
   277.00000000000000       0.35643412497950172        3.4099169480083659E-002   9.5667521963685942E-002
   278.00000000000000       0.35818525526073791        3.4863866588913911E-002   9.7334734126716227E-002
   279.00000000000000       0.35981368168708289        3.5623273206836767E-002   9.9004776693891974E-002
   280.00000000000000       0.36132938458916031        3.6377874397959482E-002  0.10067787439795950     
   281.00000000000000       0.36274130688930456        3.7128115055441571E-002  0.10235425177748428     
   282.00000000000000       0.36405704532181271        3.7874404456866358E-002  0.10403425766252322     
   283.00000000000000       0.36528338755176265        3.8617120178796940E-002  0.10571824915887992     
   284.00000000000000       0.36642653195794261        3.9356611477147606E-002  0.10740655505170910     
   285.00000000000000       0.36749215196483803        4.0093202219671241E-002  0.10909947873800416     
   286.00000000000000       0.36848545183772008        4.0827193440875764E-002  0.11079730078151347     
   287.00000000000000       0.36941121527012305        4.1558865577013319E-002  0.11250028114772964     
   288.00000000000000       0.37027384785671691        4.2288480428679977E-002  0.11420866116648926     
   289.00000000000000       0.37107741435525682        4.3016282890445352E-002  0.11592266526160236     
   290.00000000000000       0.37182567148866452        4.3742502480370732E-002  0.11764250248037074     
   291.00000000000000       0.37252190827136311        4.4467354696941859E-002  0.11936842829804703     
   292.00000000000000       0.37316842474638723        4.5191042226582538E-002  0.12110092716792767     
   293.00000000000000       0.37376715305563468        4.5913756021332811E-002  0.12284053225645170     
   294.00000000000000       0.37431986924170679        4.6635676263316821E-002  0.12458776596014226     
   295.00000000000000       0.37482820943950640        4.7356973230170220E-002  0.12634314077103412     
   296.00000000000000       0.37529368423154985        4.8077808073550887E-002  0.12810716005518413     
   297.00000000000000       0.37571769140262062        4.8798333521143246E-002  0.12988031875467571     
   298.00000000000000       0.37610152729514418        4.9518694511126372E-002  0.13166310402208703     
   299.00000000000000       0.37644639693795168        5.0239028766861211E-002  0.13345599579517806     
   300.00000000000000       0.37675342309694382        5.0959467318522599E-002  0.13525946731852262     
   301.00000000000000       0.37702387927668185        5.1680134977526861E-002  0.13707390385106349     
   302.00000000000000       0.37725984914295363        5.2401150768859539E-002  0.13889935779782220     
   303.00000000000000       0.37746351985491777        5.3122628325768737E-002  0.14073579440521033     
   304.00000000000000       0.37763695941223169        5.3844676250741484E-002  0.14258317388887823     
   305.00000000000000       0.37778212403463191        5.4567398446208427E-002  0.14444145176442003     
   306.00000000000000       0.37790086498810255        5.5290894418013999E-002  0.14631057915084350     
   307.00000000000000       0.37799493490908387        5.6015259554336526E-002  0.14819050304949041     
   308.00000000000000       0.37806599367238164        5.6740585382435538E-002  0.15008116660078369     
   309.00000000000000       0.37811561384339998        5.7466959805337288E-002  0.15198250932091303     
   310.00000000000000       0.37814528575093170        5.8194467320335806E-002  0.15389446732033582     
   311.00000000000000       0.37815650322382804        5.8923189220983267E-002  0.15581694012573166     
   312.00000000000000       0.37815100308088390        5.9653203784064704E-002  0.15774969072686895     
   313.00000000000000       0.37813051272622900        6.0384586442895023E-002  0.15969244589000989     
   314.00000000000000       0.37809667189706125        6.1117409948137552E-002  0.16164492969876518     
   315.00000000000000       0.37805103720654071        6.1851744517221682E-002  0.16360686370351155     
   316.00000000000000       0.37799508645076074        6.2587657973328617E-002  0.16557796706037753     
   317.00000000000000       0.37793022269340404        6.3325215874819291E-002  0.16755795666067141     
   318.00000000000000       0.37785777814069088        6.4064481635892165E-002  0.16954654725153895     
   319.00000000000000       0.37777901781833922        6.4805516639184810E-002  0.17154345154856515     
   320.00000000000000       0.37769514306145391        6.5548380340964052E-002  0.17354838034096409     
   321.00000000000000       0.37760704686141960        6.6293130369490458E-002  0.17556115787696036     
   322.00000000000000       0.37751459615960892        6.7039822617088796E-002  0.17758206781690930     
   323.00000000000000       0.37741741765664993        6.7788511326407772E-002  0.17961150745850685     
   324.00000000000000       0.37731515148594524        6.8539249171309533E-002  0.18164987253066242     
   325.00000000000000       0.37720745100144765        6.9292087332790048E-002  0.18369755726941916     
   326.00000000000000       0.37709398256907734        7.0047075570297490E-002  0.18575495448927254     
   327.00000000000000       0.37697442536179326        7.0804262288782838E-002  0.18782245565022068     
   328.00000000000000       0.37684847115826930        7.1563694601790129E-002  0.18990045092085492     
   329.00000000000000       0.37671582414507671        7.2325418390867049E-002  0.19198932923777015     
   330.00000000000000       0.37657620072223097        7.3089478361553467E-002  0.19408947836155349     
   331.00000000000000       0.37642919072863601        7.3855918096185066E-002  0.19620135716155723     
   332.00000000000000       0.37627385382916179        7.4624780103729318E-002  0.19832571236164320     
   333.00000000000000       0.37610915608469808        7.5396105866854649E-002  0.20046336189134356     
   334.00000000000000       0.37593411030728874        7.6169935886416795E-002  0.20261512269837778     
   335.00000000000000       0.37574777479708393        7.6946309723533099E-002  0.20478181079072688     
   336.00000000000000       0.37554925218013896        7.7725266039401691E-002  0.20696424127645280     
   337.00000000000000       0.37533768833567316        7.8506842633010610E-002  0.20916322840140725     
   338.00000000000000       0.37511227140238618        7.9291076476871586E-002  0.21137958558496575     
   339.00000000000000       0.37487223085432358        8.0078003750902571E-002  0.21361412545390995     
   340.00000000000000       0.37461683663759904        8.0867659874574144E-002  0.21586765987457418     
   341.00000000000000       0.37434317471426654        8.1660079537427030E-002  0.21814229576846855     
   342.00000000000000       0.37403967475580036        8.2455296728059679E-002  0.22044532249658369     
   343.00000000000000       0.37369312784272085        8.3253344761677964E-002  0.22278532453162331     
   344.00000000000000       0.37329096097537939        8.4054256306292999E-002  0.22517088569909638     
   345.00000000000000       0.37282124572968017        8.4858063407646470E-002  0.22761058920224231     
   346.00000000000000       0.37227271359681341        8.5664797512937998E-002  0.23011301764575870     
   347.00000000000000       0.37163477661197292        8.6474489493423470E-002  0.23268675305839914     
   348.00000000000000       0.37089755192181850        8.7287169665948905E-002  0.23534037691450757     
   349.00000000000000       0.37005188897901564        8.8102867813480673E-002  0.23808247015454820     
   350.00000000000000       0.36908939809040364        8.8921613204686958E-002  0.24092161320468697     
   351.00000000000000       0.36800739161891471        8.9743434612624837E-002  0.24386313062308673     
   352.00000000000000       0.36682303741563904        9.0568360332580297E-002  0.24689932500057049     
   353.00000000000000       0.36555753496317800        9.1396418199108750E-002  0.25001924309483858     
   354.00000000000000       0.36423100269512682        9.2227635602318336E-002  0.25321193121914409     
   355.00000000000000       0.36286245180531651        9.3062039503436292E-002  0.25646643525785928     
   356.00000000000000       0.36146978310734551        9.3899656449697000E-002  0.25977180068136335     
   357.00000000000000       0.36006980340235745        9.4740512588586442E-002  0.26311707256028721     
   358.00000000000000       0.35867825804122083        9.5584633681476988E-002  0.26649129557914825     
   359.00000000000000       0.35730987665674940        9.6432045116683407E-002  0.26988351404940614     
   360.00000000000000       0.35597842936746521        9.7282771921970199E-002  0.27328277192197026     
   361.00000000000000       0.35469329682273321        9.8136838776537283E-002  0.27668083850364844     
   362.00000000000000       0.35344949206919191        9.8994270022510503E-002  0.28008038558202597     
   363.00000000000000       0.35223892625605457        9.9855089675961503E-002  0.28348681032309703     
   364.00000000000000       0.35105398145140088       0.10071932143748011       0.28690550957737382     
   365.00000000000000       0.34988748003146014       0.10158698870232051       0.29034187989003296     
   366.00000000000000       0.34873265864924674       0.10245811457014298       0.29380131751065719     
   367.00000000000000       0.34758314616857550       0.10333272185436920       0.29728921840259059     
   368.00000000000000       0.34643294502335154       0.10421083309117038       0.30081097825192687     
   369.00000000000000       0.34527641552414279       0.10509247054810554       0.30437199247614743     
   370.00000000000000       0.34410826268658212       0.10597765623242530       0.30797765623242535     
   371.00000000000000       0.34292533807097864       0.10686641189905816       0.31163171698015202     
   372.00000000000000       0.34173184860128925       0.10775875905829231       0.31533133215224052     
   373.00000000000000       0.34053353182795260       0.10865471898316841       0.31907201149889675     
   374.00000000000000       0.33933579769067546       0.10955431271659480       0.32284926454019447     
   375.00000000000000       0.33814374054277979       0.11045756107819929       0.32665860057292678     
   376.00000000000000       0.33696215230705096       0.11136448467092756       0.33049552867720466     
   377.00000000000000       0.33579553650033306       0.11227510388740053       0.33435555772281439     
   378.00000000000000       0.33464812289539458       0.11318943891604122       0.33823419637534424     
   379.00000000000000       0.33352388261830584       0.11410750974698015       0.34212695310209018     
   380.00000000000000       0.33242654350745959       0.11502933617775028       0.34602933617775034     
   381.00000000000000       0.33135878738252617       0.11595493781877868       0.34993771776729238     
   382.00000000000000       0.33031990348618029       0.11688433409868602       0.35385192616337802     
   383.00000000000000       0.32930841163312846       0.11781754426939930       0.35777265355935062     
   384.00000000000000       0.32832290033604983       0.11875458741108766       0.36170059197679549     
   385.00000000000000       0.32736202288801991       0.11969548243692775       0.36563643327030559     
   386.00000000000000       0.32642449372721832       0.12064024809770561       0.36958086913208327     
   387.00000000000000       0.32550908506058029       0.12158890298626265       0.37353459109638620     
   388.00000000000000       0.32461462372520389       0.12254146554179052       0.37749829054382217     
   389.00000000000000       0.32373998826826444       0.12349795405398252       0.38147265870550096     
   390.00000000000000       0.32288410622792335       0.12445838666704664       0.38545838666704668     
   391.00000000000000       0.32204579354674961       0.12542278138358548       0.38945635650843718     
   392.00000000000000       0.32122329413493833       0.12639115606834883       0.39346821471563292     
   393.00000000000000       0.32041477883274599       0.12736352845186361       0.39749579877633040     
   394.00000000000000       0.31961850316196466       0.12833991613394610       0.40154094604751545     
   395.00000000000000       0.31883280324596264       0.12932033658710088       0.40560549375886235     
   396.00000000000000       0.31805609207198848       0.13030480715981119       0.40969127901602381     
   397.00000000000000       0.31728685606355117       0.13129334507972401       0.41380013880381650     
   398.00000000000000       0.31652365193367604       0.13228596745673535       0.41793390998930591     
   399.00000000000000       0.31576510379249512       0.13328269128597764       0.42209442932479424     
   400.00000000000000       0.31500990048502553       0.13428353345071470       0.42628353345071474     
   401.00000000000000       0.31425725201603649       0.13528851072514650       0.43050243027722634     
   402.00000000000000       0.31350821935482237       0.13629763977712739       0.43474981312329941     
   403.00000000000000       0.31276425988234580       0.13731093717080131       0.43902374658298327     
   404.00000000000000       0.31202675995036755       0.13832841936915657       0.44332229514917165     
   405.00000000000000       0.31129703773070871       0.13935010273650353       0.44764352321608025     
   406.00000000000000       0.31057634607393547       0.14037600354087748       0.45198549508164965     
   407.00000000000000       0.30986587536383681       0.14140613795636967       0.45634627494987656     
   408.00000000000000       0.30916675635576502       0.14244052206538951       0.46072392693307573     
   409.00000000000000       0.30848006298847108       0.14347917186085907       0.46511651505407453     
   410.00000000000000       0.30780681516052533       0.14452210324834419       0.46952210324834426     
   411.00000000000000       0.30714777190946591       0.14556933204812239       0.47393907871495167     
   412.00000000000000       0.30650282443083859       0.14662087399719115       0.47836712196521924     
   413.00000000000000       0.30587165927418325       0.14767674475121836       0.48280623677802392     
   414.00000000000000       0.30525397242501168       0.14873695988643648       0.48725642685280707     
   415.00000000000000       0.30464946894840883       0.14980153490148274       0.49171769581141472     
   416.00000000000000       0.30405786264876505       0.15087048521918722       0.49619004719988613     
   417.00000000000000       0.30347887574479121       0.15194382618831015       0.50067348449019045     
   418.00000000000000       0.30291223855901978       0.15302157308523079       0.50516801108191567     
   419.00000000000000       0.30235768922103995       0.15410374111558917       0.50967363030391111     
   420.00000000000000       0.30181497338376223       0.15519034541588192       0.51419034541588193     
   421.00000000000000       0.30128364924512635       0.15628140105501406       0.51871849483561749     
   422.00000000000000       0.30076251935026577       0.15737692303580858       0.52325975781752443     
   423.00000000000000       0.30025024180040627       0.15847692629647470       0.52781614877707073     
   424.00000000000000       0.29974552679646221       0.15958142571203571       0.53238968206653881     
   425.00000000000000       0.29924713450887069       0.16069043609571834       0.53698237197641385     
   426.00000000000000       0.29875387312554752       0.16180397220030610       0.54159623273673851     
   427.00000000000000       0.29826459706254999       0.16292204871945420       0.54623327851842673     
   428.00000000000000       0.29777820532328569       0.16404468028897107       0.55089552343454562     
   429.00000000000000       0.29729363999323499       0.16517188148806555       0.55558498154156299     
   430.00000000000000       0.29680988485817700       0.16630366684056141       0.56030366684056143     
   431.00000000000000       0.29632631248271402       0.16744005081607916       0.56505292902683646     
   432.00000000000000       0.29584370019401784       0.16858104783118841       0.56983146073629731     
   433.00000000000000       0.29536313621680349       0.16972667225052951       0.57463729030133992     
   434.00000000000000       0.29488566558957574       0.17087693838790624       0.57946844600352376     
   435.00000000000000       0.29441229155709669       0.17203186050735053       0.58432295607463669     
   436.00000000000000       0.29394397699003344       0.17319145282416037       0.58919884869773220     
   437.00000000000000       0.29348164582424902       0.17435572950591086       0.59409415200814120     
   438.00000000000000       0.29302618451293033       0.17552470467343972       0.59900689409445718     
   439.00000000000000       0.29257844348543405       0.17669839240180807       0.60393510299949682     
   440.00000000000000       0.29213923860738378       0.17787680672123751       0.60887680672123756     
   441.00000000000000       0.29170919971798936       0.17905996161802298       0.61383035499439054     
   442.00000000000000       0.29128832488342993       0.18024787103542375       0.61879538463327277     
   443.00000000000000       0.29087646012810253       0.18144054887453229       0.62377185419069503     
   444.00000000000000       0.29047345520547452       0.18263800899512089       0.62875972217814802     
   445.00000000000000       0.29007916348538954       0.18384026521646915       0.63375894706662950     
   446.00000000000000       0.28969344184547313       0.18504733131816972       0.63876948728745042     
   447.00000000000000       0.28931615056646837       0.18625922104091566       0.64379130123302231     
   448.00000000000000       0.28894715323133269       0.18747594808726822       0.64882434725762450     
   449.00000000000000       0.28858631662793943       0.18869752612240609       0.65386858367815415     
   450.00000000000000       0.28823351065523473       0.18992396877485743       0.65892396877485748     
   451.00000000000000       0.28788844471971525       0.19115528963721326       0.66399083792098623     
   452.00000000000000       0.28755018856160725       0.19239150226682561       0.66907103497032128     
   453.00000000000000       0.28721768215324001       0.19363262018648755       0.67416678087102666     
   454.00000000000000       0.28688990079425369       0.19487865688509809       0.67928029653737265     
   455.00000000000000       0.28656585387595745       0.19612962581831175       0.68441380285038489     
   456.00000000000000       0.28624458375231898       0.19738554040917214       0.68956952065847787     
   457.00000000000000       0.28592516470898138       0.19864641404873185       0.69474967077807559     
   458.00000000000000       0.28560670202231664       0.19991226009665725       0.69995647399421523     
   459.00000000000000       0.28528833110108948       0.20118309188181993       0.70519215106113964     
   460.00000000000000       0.28496921670381453       0.20245892270287391       0.71045892270287403     
   461.00000000000000       0.28464888242441488       0.20373976582882108       0.71575817931736219     
   462.00000000000000       0.28432817813900552       0.20502563449956177       0.72108799008773083     
   463.00000000000000       0.28400825012472297       0.20631654192643489       0.72644559387211616     
   464.00000000000000       0.28369020614907681       0.20761250129274469       0.73182822950061976     
   465.00000000000000       0.28337511652189484       0.20891352575427602       0.73723313577582383     
   466.00000000000000       0.28306401520157104       0.21021962843979833       0.74265755147329515     
   467.00000000000000       0.28275790094738112       0.21153082245155810       0.74809871534207717     
   468.00000000000000       0.28245773851030043       0.21284712086576091       0.75355386610517305     
   469.00000000000000       0.28216445985539601       0.21416853673304198       0.75902024246001543     
   470.00000000000000       0.28187896540948637       0.21549508307892740       0.76449508307892744     
   471.00000000000000       0.28160178006019110       0.21682677290428523       0.76997657066634839     
   472.00000000000000       0.28133204079202817       0.21816361918576477       0.77546666412959342     
   473.00000000000000       0.28106857130771395       0.21950563487623034       0.78096826640896644     
   474.00000000000000       0.28081023156221996       0.22085283290518107       0.78648428042140639     
   475.00000000000000       0.28055591648099198       0.22220522617916516       0.79201760906090124     
   476.00000000000000       0.28030455480355654       0.22356282758218354       0.79757115519889132     
   477.00000000000000       0.28005510804260930       0.22492564997608541       0.80314782168466592     
   478.00000000000000       0.27980656954937305       0.22629370620095540       0.80875051134574916     
   479.00000000000000       0.27955796367663788       0.22766700907549253       0.81438212698827950     
   480.00000000000000       0.27930834503146024       0.22904557139738058       0.82004557139738066     
   481.00000000000000       0.27905711748386797       0.23042940594365210       0.82574280140685907     
   482.00000000000000       0.27880497266186305       0.23181852547104323       0.83147199010756034     
   483.00000000000000       0.27855289603202565       0.23321294271634199       0.83723036463971690     
   484.00000000000000       0.27830184286205178       0.23461267039672906       0.84301515212395306     
   485.00000000000000       0.27805273894982918       0.23601772121011214       0.84882357966162070     
   486.00000000000000       0.27780648139767716       0.23742810783545210       0.85465287433512449     
   487.00000000000000       0.27756393942587659       0.23884384293308369       0.86050026320824324     
   488.00000000000000       0.27732595522003933       0.24026493914502933       0.86636297332644319     
   489.00000000000000       0.27709334480728426       0.24169140909530601       0.87223823171718551     
   490.00000000000000       0.27686689895658972       0.24312326539022650       0.87812326539022667     
   491.00000000000000       0.27664712133083358       0.24456052061869488       0.88401614100380477     
   492.00000000000000       0.27643345665934971       0.24600318735249427       0.88991828386259775     
   493.00000000000000       0.27622510637463943       0.24745127814657161       0.89583195892033662     
   494.00000000000000       0.27602129453946828       0.24890480553931410       0.90175943111419321     
   495.00000000000000       0.27582126709493815       0.25036378205282139       0.90770296536505191     
   496.00000000000000       0.27562429117077963       0.25182822019317280       0.91366482657777603     
   497.00000000000000       0.27542965445343104       0.25329813245068805       0.91964727964147031     
   498.00000000000000       0.27523666460776774       0.25477353130018376       0.92565258942973527     
   499.00000000000000       0.27504464874860068       0.25625442920122438       0.93168302080092036     
   500.00000000000000       0.27485295295831541       0.25774083859836872       0.93774083859836888     
   501.00000000000000       0.27466106195557821       0.25923277192141120       0.94382789491776498     
   502.00000000000000       0.27446895216278083       0.26073024158561869       0.94994439090868821     
   503.00000000000000       0.27427671919735636       0.26223325999196251       0.95609011497352814     
   504.00000000000000       0.27408445608266357       0.26374183952734653       0.96226485550060625     
   505.00000000000000       0.27389225330230410       0.26525599256482962       0.96846840086440000     
   506.00000000000000       0.27370019885391184       0.26677573146384598       0.97470053942576129     
   507.00000000000000       0.27350837830238089       0.26830106857041847       0.98096105953213097     
   508.00000000000000       0.27331687483251060       0.26983201621737068       0.98724974951775124     
   509.00000000000000       0.27312576930104032       0.27136858672453285       0.99356639770386979     
   510.00000000000000       0.27293514028805366       0.27291079239894500       0.99991079239894520     
   511.00000000000000       0.27274511530270273       0.27445864553505595        1.0062825331645315     
   512.00000000000000       0.27255602143023833       0.27601215841491844        1.0126804646125374     
   513.00000000000000       0.27236822698939533       0.27757134330838112        1.0191032426083546     
   514.00000000000000       0.27218208990558684       0.27913621247327630        1.0255495230053588     
   515.00000000000000       0.27199795796978388       0.28070677815560413        1.0320179616450933     
   516.00000000000000       0.27181616910034662       0.28228305258971498        1.0385072143574516     
   517.00000000000000       0.27163705160710777       0.28386504799848555        1.0450159369608538     
   518.00000000000000       0.27146092445706582       0.28545277659349499        1.0515427852624222     
   519.00000000000000       0.27128809754108713       0.28704625057519512        1.0580864150581519     
   520.00000000000000       0.27111887194107170       0.28864548213307872        1.0646454821330789     
   521.00000000000000       0.27095349778667649       0.29025048344584531        1.0712188099315900     
   522.00000000000000       0.27079204956484670       0.29186126668156259        1.0778058925680181     
   523.00000000000000       0.27063455749855397       0.29347784399782612        1.0844063918163673     
   524.00000000000000       0.27048105058360777       0.29510022754191501        1.0910199694403260     
   525.00000000000000       0.27033155663438113       0.29672842945094624        1.0976462871934203     
   526.00000000000000       0.27018610232827678       0.29836246185202420        1.1042850068191630     
   527.00000000000000       0.27004471324896517       0.30000233686239031        1.1109357900512054     
   528.00000000000000       0.26990741392842094       0.30164806658956705        1.1175982986134783     
   529.00000000000000       0.26977422788778843       0.30329966313150142        1.1242721942203380     
   530.00000000000000       0.26964517767710428       0.30495713857670509        1.1309571385767052     
   531.00000000000000       0.26952016218232244       0.30662050500439220        1.1376533114319383     
   532.00000000000000       0.26939859466208976       0.30828977448461509        1.1443629647411748     
   533.00000000000000       0.26927978156992305       0.30996495907839677        1.1510888685042591     
   534.00000000000000       0.26916304637115057       0.31164607083786167        1.1578337927121356     
   535.00000000000000       0.26904772909652380       0.31333312180636447        1.1646005073469801     
   536.00000000000000       0.26893318593880694       0.31502612401861618        1.1713917823823246     
   537.00000000000000       0.26881878888941935       0.31672508950080752        1.1782103877831798     
   538.00000000000000       0.26870392541237131       0.31843003027073152        1.1850590935061598     
   539.00000000000000       0.26858799815288142       0.32014095833790290        1.1919406694996004     
   540.00000000000000       0.26847042467820087       0.32185788570367591        1.1988578857036760     
   541.00000000000000       0.26835069063410188       0.32358082436135982        1.2058132721654315     
   542.00000000000000       0.26822850704336992       0.32530978629633250        1.2128083993836385     
   543.00000000000000       0.26810364535939096       0.32704478348615301        1.2198445979641637     
   544.00000000000000       0.26797588333259181       0.32878582790067029        1.2269231985051643     
   545.00000000000000       0.26784500493618812       0.33053293150213187        1.2340455315971961     
   546.00000000000000       0.26771080029597416       0.33228610624529009        1.2412129278233195     
   547.00000000000000       0.26757306562381417       0.33404536407750635        1.2484267177592037     
   548.00000000000000       0.26743160315451026       0.33581071693885334        1.2556882319732297     
   549.00000000000000       0.26728622108573902       0.33758217676221680        1.2629988010265913     
   550.00000000000000       0.26713673352076028       0.33935975547339442        1.2703597554733945     
   551.00000000000000       0.26698349500086743       0.34114346499119313        1.2777698673473608     
   552.00000000000000       0.26682897691121088       0.34293331722752496        1.2852176746217421     
   553.00000000000000       0.26667611644109956       0.34472932408750284        1.2926891567495988     
   554.00000000000000       0.26652777662124366       0.34653149746953155        1.3001702931772823     
   555.00000000000000       0.26638674840477372       0.34833984926540013        1.3076470633445285     
   556.00000000000000       0.26625575328817164       0.35015439136037152        1.3151054466845471     
   557.00000000000000       0.26613744642444609       0.35197513563327071        1.3225314226241105     
   558.00000000000000       0.26603442018476164       0.35380209395657219        1.3299109705836396     
   559.00000000000000       0.26594920812880346       0.35563527819648477        1.3372300699772901     
   560.00000000000000       0.26588428934839231       0.35747470021303590        1.3444747002130362     
   561.00000000000000       0.26584081984902880       0.35932037186015475        1.3516373146314138     
   562.00000000000000       0.26581487151056293       0.36117230498575320        1.3587362623215795     
   563.00000000000000       0.26580134519894272       0.36303051143180670        1.3657963663054131     
   564.00000000000000       0.26579525067937160       0.36489500303443168        1.3728424495989358     
   565.00000000000000       0.26579170107906003       0.36676579162396472        1.3798993352123881     
   566.00000000000000       0.26578590930309531       0.36864288902503817        1.3869918461503068     
   567.00000000000000       0.26577318627046254       0.37052630705665479        1.3941448054115995     
   568.00000000000000       0.26574894084490791       0.37241605753226253        1.4013830359896182     
   569.00000000000000       0.26570868134011527       0.37431215225982706        1.4087313608722329     
   570.00000000000000       0.26564801848097569       0.37621460304190324        1.4162146030419036     
   571.00000000000000       0.26556422468499263       0.37812342167570551        1.4238492482345033     
   572.00000000000000       0.26546083169629670       0.38003861995317734        1.4316184332156565     
   573.00000000000000       0.26534283915626511       0.38196020966106009        1.4394969575045398     
   574.00000000000000       0.26521513768916094       0.38388820258095935        1.4474596206151940     
   575.00000000000000       0.26508250648829768       0.38582261048941197        1.4554812220565920     
   576.00000000000000       0.26494961274138029       0.38776344515795058        1.4635365613327014     
   577.00000000000000       0.26482101275943071       0.38971071835316817        1.4716004379425511     
   578.00000000000000       0.26470115467788291       0.39166444183678095        1.4796476513802925     
   579.00000000000000       0.26459438260488621       0.39362462736569098        1.4876530011352629     
   580.00000000000000       0.26450494210020226       0.39559128669204696        1.4955912866920473     
   581.00000000000000       0.26443524998808543       0.39756443156330495        1.5034471825568561     
   582.00000000000000       0.26438076543080447       0.39954407372228751        1.5112448633365461     
   583.00000000000000       0.26433533033453210       0.40153022490724211        1.5190183786597187     
   584.00000000000000       0.26429291780149733       0.40352289685189879        1.5268017781504573     
   585.00000000000000       0.26424762717297851       0.40552210128552729        1.5346291114283854     
   586.00000000000000       0.26419368184388370       0.40752784993299279        1.5425344281087219     
   587.00000000000000       0.26412542965528640       0.40954015451480991        1.5505517778023350     
   588.00000000000000       0.26403734567819070       0.41155902674719880        1.5587152101157988     
   589.00000000000000       0.26392403720411117       0.41358447834213635        1.5670587746514433     
   590.00000000000000       0.26378025075649492       0.41561652100741114        1.5756165210074113     
   591.00000000000000       0.26360323723355461       0.41765516644667333        1.5844083359136727     
   592.00000000000000       0.26339970930499396       0.41970042635948651        1.5933974546399743     
   593.00000000000000       0.26317855901172527       0.42175231244137795        1.6025329495879936     
   594.00000000000000       0.26294846173416586       0.42381083638388845        1.6117638931554212     
   595.00000000000000       0.26271787161874394       0.42587600987461988        1.6210393577360089     
   596.00000000000000       0.26249502270304415       0.42794784459728535        1.6303084157196193     
   597.00000000000000       0.26228793527655303       0.43002635223175434        1.6395201394922725     
   598.00000000000000       0.26210442703699577       0.43211154445410155        1.6486236014361919     
   599.00000000000000       0.26195212863725320       0.43420343293665098        1.6575678739298523     
   600.00000000000000       0.26183850326266200       0.43630202934802259        1.6663020293480229     
   601.00000000000000       0.26176824776629931       0.43840734535317627        1.6747919164916298     
   602.00000000000000       0.26173555728232445       0.44051939261345652        1.6830704898772486     
   603.00000000000000       0.26173217807256838       0.44263818278663497        1.6911874804476974     
   604.00000000000000       0.26175003499689525       0.44476372752695426        1.6991926191422662     
   605.00000000000000       0.26178121341168892       0.44689603848516929        1.7071356368967565     
   606.00000000000000       0.26181794637650369       0.44903512730858880        1.7150662646435246     
   607.00000000000000       0.26185260682487227       0.45118100564111702        1.7230342333115214     
   608.00000000000000       0.26187770438971192       0.45333368512329369        1.7310892738263337     
   609.00000000000000       0.26188588659498885       0.45549317739233341        1.7392811171102232     
   610.00000000000000       0.26186994413492354       0.45765949408216555        1.7476594940821659     
   611.00000000000000       0.26182474947799000       0.45983264682347252        1.7562611928026606     
   612.00000000000000       0.26175297597921293       0.46201264724372781        1.7650712299080737     
   613.00000000000000       0.26165917026218866       0.46419950696723422        1.7740616791763706     
   614.00000000000000       0.26154779650830895       0.46639323761516088        1.7832046143823823     
   615.00000000000000       0.26142323128762024       0.46859385080557797        1.7924721092978411     
   616.00000000000000       0.26128976002652915       0.47080135815349505        1.8018362376914190     
   617.00000000000000       0.26115157501231162       0.47301577127089633        1.8112690733287620     
   618.00000000000000       0.26101277483307961       0.47523710176677447        1.8207426899725254     
   619.00000000000000       0.26087736515274756       0.47746536124716521        1.8302291613824071     
   620.00000000000000       0.26074926072330473       0.47970056131518274        1.8397005613151831     
   621.00000000000000       0.26063158450557533       0.48194271357105234        1.8491339585158482     
   622.00000000000000       0.26052459043444570       0.48419182961214391        1.8585264016909695     
   623.00000000000000       0.26042783159614558       0.48644792103300405        1.8678799345353978     
   624.00000000000000       0.26034087171925729       0.48871099942538876        1.8771966007411929     
   625.00000000000000       0.26026328471469395       0.49098107637829513        1.8864784439976572     
   626.00000000000000       0.26019465424154209       0.49325816347799312        1.8957275079913638     
   627.00000000000000       0.26013457329733297       0.49554227230805520        1.9049458364061898     
   628.00000000000000       0.26008264383140922       0.49783341444938878        1.9141354729233466     
   629.00000000000000       0.26003847638013011       0.50013160148026392        1.9232984612214090     
   630.00000000000000       0.26000168972274768       0.50243684497634533        1.9324368449763458     
   631.00000000000000       0.25997151382941869       0.50474915651072039        1.9415556307523505     
   632.00000000000000       0.25994561448620307       0.50706854765392828        1.9506716766742820     
   633.00000000000000       0.25992130899868748       0.50939502997398778        1.9598048037552784     
   634.00000000000000       0.25989596538173243       0.51172861503642719        1.9689748330059902     
   635.00000000000000       0.25986700151762920       0.51406931440430992        1.9782015854346007     
   636.00000000000000       0.25983188484368608       0.51641713963826341        1.9875048820468590     
   637.00000000000000       0.25978813253503519       0.51877210229650550        1.9969045438461035     
   638.00000000000000       0.25973331214935713       0.52113421393487147        2.0064203918332906     
   639.00000000000000       0.25966504270073226       0.52350348610683850        2.0160722470070178     
   640.00000000000000       0.25958099613000418       0.52587993036355518        2.0258799303635553     
   641.00000000000000       0.25947977176253845       0.52826355825386373        2.0358564163425479     
   642.00000000000000       0.25936347850121683       0.53065438132432696        2.0459872931640888     
   643.00000000000000       0.25923505092656585       0.53305241111925261        2.0562513024916975     
   644.00000000000000       0.25909736541333472       0.53545765918071830        2.0666271859866638     
   645.00000000000000       0.25895323877450388       0.53787013704859543        2.0770936853080721     
   646.00000000000000       0.25880542757301828       0.54028985626057324        2.0876295421128219     
   647.00000000000000       0.25865662805767858       0.54271682835218327        2.0982134980556588     
   648.00000000000000       0.25850947668037838       0.54515106485682141        2.1088242947891898     
   649.00000000000000       0.25836655115315377       0.54759257730577138        2.1194406739639104     
   650.00000000000000       0.25823037200525345       0.55004137722822777        2.1300413772282281     
   651.00000000000000       0.25810287126119236       0.55249747615131817        2.1406095695549521     
   652.00000000000000       0.25798381765949213       0.55496088560012569        2.1511461092207260     
   653.00000000000000       0.25787245771476669       0.55743161709771050        2.1616562778266410     
   654.00000000000000       0.25776805422713883       0.55990968216513137        2.1721453569717868     
   655.00000000000000       0.25766988563253795       0.56239509232146756        2.1826186282532722     
   656.00000000000000       0.25757724540905985       0.56488785908383854        2.1930813732662489     
   657.00000000000000       0.25748944153612913       0.56738799396742656        2.2035388736039283     
   658.00000000000000       0.25740579600341035       0.56989550848549553        2.2139964108576056     
   659.00000000000000       0.25732564436660954       0.57241041414941252        2.2244592666166785     
   660.00000000000000       0.25724833534747582       0.57493272246866678        2.2349327224686673     
   661.00000000000000       0.25717332745586535       0.57746244495089016        2.2454212132476727     
   662.00000000000000       0.25710047577842210       0.57999959310187577        2.2559257867797142     
   663.00000000000000       0.25702973415785124       0.58254417842559836        2.2664466441374325     
   664.00000000000000       0.25696105722352208       0.58509621242423271        2.2769839863916674     
   665.00000000000000       0.25689440037479833       0.58765570659817212        2.2875380146114774     
   666.00000000000000       0.25682971976482211       0.59022267244604720        2.2981089298641590     
   667.00000000000000       0.25676697228473855       0.59279712146474439        2.3086969332152631     
   668.00000000000000       0.25670611554834494       0.59537906514942385        2.3193022257286167     
   669.00000000000000       0.25664710787715322       0.59796851499353654        2.3299250084663345     
   670.00000000000000       0.25658990828585215       0.60056548248884378        2.3405654824888442     
   671.00000000000000       0.25653458953777397       0.60316997912543246        2.3512228125346715     
   672.00000000000000       0.25648167306537761       0.60578201639173401        2.3618920180597822     
   673.00000000000000       0.25643178240963876       0.60840160577453961        2.3725670821982749     
   674.00000000000000       0.25638552938159898       0.61102875875901863        2.3832419880826268     
   675.00000000000000       0.25634351440021202       0.61366348682873451        2.3939107188437099     
   676.00000000000000       0.25630632685152083       0.61630580146566005        2.4045672576108048     
   677.00000000000000       0.25627454546753708       0.61895571415019657        2.4152055875116210     
   678.00000000000000       0.25624873872330517       0.62161323636118559        2.4258196916723067     
   679.00000000000000       0.25622946525074525       0.62427837957592869        2.4364035532174726     
   680.00000000000000       0.25621727426797380       0.62695115527020029        2.4469511552702006     
   681.00000000000000       0.25621218555812886       0.62963157491826471        2.4574614729845288     
   682.00000000000000       0.25621214617495841       0.63231964999289003        2.4679534496428626     
   683.00000000000000       0.25621462223701508       0.63501539196536427        2.4784510205585928     
   684.00000000000000       0.25621712256679463       0.63771881230550953        2.4889781210436439     
   685.00000000000000       0.25621719784539382       0.64042992248169706        2.4995586864084913     
   686.00000000000000       0.25621244025217021       0.64314873396086070        2.5102166519621716     
   687.00000000000000       0.25620048356144004       0.64587525820851333        2.5209759530122997     
   688.00000000000000       0.25617900366898033       0.64860950668875872        2.5318605248650834     
   689.00000000000000       0.25614571952149529       0.65135149086430655        2.5428943028253350     
   690.00000000000000       0.25609839442227345       0.65410122219648659        2.5541012221964872     
   691.00000000000000       0.25603572907479027       0.65685871214526137        2.5654962864709683     
   692.00000000000000       0.25596000345874226       0.65962397216924007        2.5770587719013047     
   693.00000000000000       0.25587434282555382       0.66239701372569271        2.5887590229290467     
   694.00000000000000       0.25578181606233258       0.66517784827056148        2.6005673839944174     
   695.00000000000000       0.25568543455308451       0.66796648725847574        2.6124541995363249     
   696.00000000000000       0.25558815179302902       0.67076294214276300        2.6243898139923774     
   697.00000000000000       0.25549286371009461       0.67356722437546279        2.6363445717988951     
   698.00000000000000       0.25540240964869693       0.67637934540733946        2.6482888173909220     
   699.00000000000000       0.25531957397257016       0.67919931668789346        2.6601928952022385     
   700.00000000000000       0.25524708824563641       0.68202714966537425        2.6720271496653747     
   701.00000000000000       0.25518661319107422       0.68486285578679296        2.6837726604177043     
   702.00000000000000       0.25513571641487282       0.68770644649793278        2.6954534479197041     
   703.00000000000000       0.25509099942988001       0.69055793324336234        2.7071042678367196     
   704.00000000000000       0.25504912501844917       0.69341732746644658        2.7187598758328919     
   705.00000000000000       0.25500681519326374       0.69628464060935946        2.7304550275711712     
   706.00000000000000       0.25496085004723779       0.69915988411309338        2.7422244787133270     
   707.00000000000000       0.25490806744028682       0.70204306941747230        2.7541029849199594     
   708.00000000000000       0.25484536347271319       0.70493420796116146        2.7661253018505092     
   709.00000000000000       0.25476969369602032       0.70783331118167991        2.7783261851632739     
   710.00000000000000       0.25467807501225387       0.71074039051541049        2.7907403905154111     
   711.00000000000000       0.25456886033054188       0.71365545739761083        2.8033886645482617     
   712.00000000000000       0.25444550636236951       0.71657852326242344        2.8162357178432758     
   713.00000000000000       0.25431266699398108       0.71950959954288796        2.8292322519661077     
   714.00000000000000       0.25417490574884477       0.72244869767094944        2.8423289684813153     
   715.00000000000000       0.25403669459756922       0.72539582907746958        2.8554765689523758     
   716.00000000000000       0.25390241440087830       0.72835100519223772        2.8686257549416916     
   717.00000000000000       0.25377635687914918       0.73131423744397994        2.8817272280106025     
   718.00000000000000       0.25366272800625173       0.73428553726036871        2.8947316897193964     
   719.00000000000000       0.25356565273161169       0.73726491606803390        2.9075898416273160     
   720.00000000000000       0.25348918094228612       0.74025238529257142        2.9202523852925721     
   721.00000000000000       0.25343597231446413       0.74324795635855345        2.9326853231250420     
   722.00000000000000       0.25340338261828460       0.74625164068953898        2.9449158609443611     
   723.00000000000000       0.25338751067488857       0.74926344970807990        2.9569865054218480     
   724.00000000000000       0.25338452606995709       0.75228339483573348        2.9689397632278265     
   725.00000000000000       0.25339066382347775       0.75531148749307186        2.9808181410316386     
   726.00000000000000       0.25340222030580406       0.75834773909968800        2.9926641455016423     
   727.00000000000000       0.25341555033092017       0.76139216107420749        3.0045202833052320     
   728.00000000000000       0.25342706536360110       0.76444476483429591        3.0164290611088398     
   729.00000000000000       0.25343323278134150       0.76750556179666951        3.0284329855779495     
   730.00000000000000       0.25343057613467646       0.77057456337710117        3.0405745633771017     
   731.00000000000000       0.25341627354686180       0.77365178099043119        3.0528891067738289     
   732.00000000000000       0.25338993134885573       0.77673722605057571        3.0653831504504385     
   733.00000000000000       0.25335175876630961       0.77983090997053339        3.0780560346922456     
   734.00000000000000       0.25330196569712332       0.78293284416239495        3.0909070997836579     
   735.00000000000000       0.25324076255208861       0.78604304003735270        3.1039356860081835     
   736.00000000000000       0.25316836009989613       0.78916150900570614        3.1171411336484378     
   737.00000000000000       0.25308496931656904       0.79228826247687134        3.1305227829861546     
   738.00000000000000       0.25299080123937645       0.79542331185938908        3.1440799743021897     
   739.00000000000000       0.25288606682526510       0.79856666856093228        3.1578120478765337     
   740.00000000000000       0.25277097681384408       0.80171834398831421        3.1717183439883145     
   741.00000000000000       0.25264625891564063       0.80487834954749549        3.1857916796474193     
   742.00000000000000       0.25251468906788355       0.80804669664359297        3.1999987787893227     
   743.00000000000000       0.25237950301359197       0.81122339668088594        3.2142998420802713     
   744.00000000000000       0.25224387348877969       0.81440846106282427        3.2286550701856820     
   745.00000000000000       0.25211091063412999       0.81760190119203568        3.2430246637701501     
   746.00000000000000       0.25198366317911519       0.82080372847033323        3.2573688234974543     
   747.00000000000000       0.25186512034830877       0.82401395429872293        3.2716477500305690     
   748.00000000000000       0.25175821444234081       0.82723259007740868        3.2858216440316648     
   749.00000000000000       0.25166582404925403       0.83045964720580312        3.2998507061621218     
   750.00000000000000       0.25159077784582784       0.83369513708253140        3.3136951370825320     
   751.00000000000000       0.25153485446059365       0.83693907110543952        3.3273284249223494     
   752.00000000000000       0.25149580724446224       0.84019146067160078        3.3407772076888218     
   753.00000000000000       0.25147043671833341       0.84345231717732350        3.3540814108580728     
   754.00000000000000       0.25145559936938755       0.84672165201815530        3.3672809599054645     
   755.00000000000000       0.25144820395793077       0.84999947658889263        3.3804157803056096     
   756.00000000000000       0.25144520866883041       0.85328580228358708        3.3935257975323743     
   757.00000000000000       0.25144361906214946       0.85658064049554861        3.4066509370588842     
   758.00000000000000       0.25144048678102449       0.85988400261735642        3.4198311243575334     
   759.00000000000000       0.25143290897736004       0.86319590004086144        3.4331062848999880     
   760.00000000000000       0.25141802841764616       0.86651634415719614        3.4465163441571969     
   761.00000000000000       0.25139351568829776       0.86984534635677713        3.4600946009892168     
   762.00000000000000       0.25135899909335652       0.87318291802931469        3.4738478478147039     
   763.00000000000000       0.25131459349001434       0.87652907056381635        3.4877762504414376     
   764.00000000000000       0.25126041489468154       0.87988381534859517        3.5018799746765037     
   765.00000000000000       0.25119658040684328       0.88324716377127399        3.5161591863262958     
   766.00000000000000       0.25112320813381350       0.88661912721879144        3.5306140511965252     
   767.00000000000000       0.25104041711643832       0.88999971707740899        3.5452447350922247     
   768.00000000000000       0.25094832725579624       0.89338894473271457        3.5600514038177540     
   769.00000000000000       0.25084705924094325       0.89678682156963285        3.5750342231768100     
   770.00000000000000       0.25073673447774270       0.90019335897242403        3.5901933589724244     
   771.00000000000000       0.25061794636368429       0.90360856832469538        3.6055221959780313     
   772.00000000000000       0.25049315623041102       0.90703246100940571        3.6209869948506315     
   773.00000000000000       0.25036524744999739       0.91046504840886711        3.6365472352176349     
   774.00000000000000       0.25023704935166147       0.91390634190475517        3.6521623967058150     
   775.00000000000000       0.25011133759693982       0.91735635287811101        3.6677919589413093     
   776.00000000000000       0.24999083517396908       0.92081509270934947        3.6833954015496309     
   777.00000000000000       0.24987821397208926       0.92428257277826142        3.6989322041556667     
   778.00000000000000       0.24977609690000699       0.92775880446402148        3.7143618463836900     
   779.00000000000000       0.24968706051320805       0.93124379914519240        3.7296438078573604     
   780.00000000000000       0.24961363811913262       0.93473756819972775        3.7447375681997284     
   781.00000000000000       0.24955741057691055       0.93824012300498272        3.7596163577592039     
   782.00000000000000       0.24951630144891987       0.94175147493771216        3.7743084097874235     
   783.00000000000000       0.24948736720508224       0.94527163537408176        3.7888557082613916     
   784.00000000000000       0.24946771396590411       0.94880061568966867        3.8033002371575249     
   785.00000000000000       0.24945449443586487       0.95233842725946793        3.8176839804516556     
   786.00000000000000       0.24944490555441923       0.95588508145789897        3.8320489221190441     
   787.00000000000000       0.24943618682724403       0.95944058965880596        3.8464370461343722     
   788.00000000000000       0.24942561930300822       0.96300496323546803        3.8608903364717579     
   789.00000000000000       0.24941052516288306       0.96657821356060036        3.8754507771047555     
   790.00000000000000       0.24938826789132124       0.97016035200635842        3.8901603520063590     
   791.00000000000000       0.24935677800330480       0.97375138994434562        3.9050528232741288     
   792.00000000000000       0.24931611240702203       0.97735133874561553        3.9201290655055483     
   793.00000000000000       0.24926685051872996       0.98096020978067588        3.9353817314226722     
   794.00000000000000       0.24920956482953160       0.98457801441949577        3.9508034737470163     
   795.00000000000000       0.24914482063519092       0.98820476403150725        3.9663869451995604     
   796.00000000000000       0.24907317579776342       0.99184046998561137        3.9821247985007533     
   797.00000000000000       0.24899518053792047       0.99548514365018115        3.9980096863705148     
   798.00000000000000       0.24891137725682241       0.99913879639306713        4.0140342615282432     
   799.00000000000000       0.24882230038638101        1.0028014395816027        4.0301911766928180     
   800.00000000000000       0.24872847626673941        1.0064730845826042        4.0464730845826047     
   801.00000000000000       0.24863047587557588        1.0101537427623783        4.0628717746890270     
   802.00000000000000       0.24852907135182123        1.0138434254867279        4.0793755835972885     
   803.00000000000000       0.24842507417784701        1.0175421441209498        4.0959719846656597     
   804.00000000000000       0.24831928187758706        1.0212499100298453        4.1126484512519115     
   805.00000000000000       0.24821247806354449        1.0249667345777220        4.1293924567133242     
   806.00000000000000       0.24810543253446818        1.0286926291283953        4.1461914744066863     
   807.00000000000000       0.24799890142078465        1.0324276050451959        4.1630329776882986     
   808.00000000000000       0.24789362737495857        1.0361716736909716        4.1799044399139822     
   809.00000000000000       0.24779033980406459        1.0399248464280924        4.1967933344390778     
   810.00000000000000       0.24768975514195551        1.0436871346184529        4.2136871346184535     
   811.00000000000000       0.24759247914272289        1.0474585496234776        4.2305749885871036     
   812.00000000000000       0.24749871658669584        1.0512391028041228        4.2474527436019507     
   813.00000000000000       0.24740857152139228        1.0550288055208825        4.2643179217000533     
   814.00000000000000       0.24732214620509432        1.0588276691337899        4.2811680449180098     
   815.00000000000000       0.24723954116638647        1.0626357050024227        4.2980006352919640     
   816.00000000000000       0.24716085526337209        1.0664529244859060        4.3148132148576064     
   817.00000000000000       0.24708618574254851        1.0702793389429164        4.3316033056501757     
   818.00000000000000       0.24701562829732066        1.0741149597316832        4.3483684297044700     
   819.00000000000000       0.24694927712614151        1.0779597982099975        4.3651061090548424     
   820.00000000000000       0.24688722499025964        1.0818138657352077        4.3818138657352081     
   821.00000000000000       0.24682932959469692        1.0856771736642294        4.3984933858830813     
   822.00000000000000       0.24677452007536269        1.0895497333535462        4.4151630120516803     
   823.00000000000000       0.24672151085097130        1.0934315561592136        4.4318452508978261     
   824.00000000000000       0.24666903669010320        1.0973226534368630        4.4485626090779213     
   825.00000000000000       0.24661585233933203        1.1012230365417015        4.4653375932479369     
   826.00000000000000       0.24656073228339156        1.1051327168285199        4.4821927100634351     
   827.00000000000000       0.24650247063051500        1.1090517056516942        4.4991504661795574     
   828.00000000000000       0.24643988111628565        1.1129800143651878        4.5162333682510365     
   829.00000000000000       0.24637179721949684        1.1169176543225550        4.5334639229321931     
   830.00000000000000       0.24629707238362164        1.1208646368769450        4.5508646368769456     
   831.00000000000000       0.24621502934373191        1.1248209733811045        4.5684496855420740     
   832.00000000000000       0.24612679232844364        1.1287866751873814        4.5861999195970231     
   833.00000000000000       0.24603391343911207        1.1327617536477272        4.6040878585141094     
   834.00000000000000       0.24593791953693583        1.1367462201136984        4.6220860217652522     
   835.00000000000000       0.24584031209111432        1.1407400859364640        4.6401669288219844     
   836.00000000000000       0.24574256721816717        1.1447433624668042        4.6583030991554484     
   837.00000000000000       0.24564613590204798        1.1487560610551140        4.6764670522364060     
   838.00000000000000       0.24555244438495419        1.1527781930514103        4.6946313075352339     
   839.00000000000000       0.24546289471908245        1.1568097698053275        4.7127683845219330     
   840.00000000000000       0.24537886547001564        1.1608508026661273        4.7308508026661276     
   841.00000000000000       0.24530123936910525        1.1649013029826984        4.7488602421199726     
   842.00000000000000       0.24522900003142065        1.1689612821035578        4.7668150257668600     
   843.00000000000000       0.24516067849994028        1.1730307513768574        4.7847426371727195     
   844.00000000000000       0.24509482952628953        1.1771097221503835        4.8026705599031150     
   845.00000000000000       0.24503003090678066        1.1811982057715609        4.8206262775232496     
   846.00000000000000       0.24496488299609229        1.1852962135874572        4.8386372735979677     
   847.00000000000000       0.24489800838949766        1.1894037569447813        4.8567310316917558     
   848.00000000000000       0.24482805176492156        1.1935208471898897        4.8749350353687486     
   849.00000000000000       0.24475367987638369        1.1976474956687890        4.8932767681927309     
   850.00000000000000       0.24467358169059208        1.2017837137271365        4.9117837137271376     
   851.00000000000000       0.24458688096955697        1.2059295127102434        4.9304750440001808     
   852.00000000000000       0.24449435975024431        1.2100849039630790        4.9493366849002323     
   853.00000000000000       0.24439719728461617        1.2142498988302715        4.9683462507804448     
   854.00000000000000       0.24429655404964826        1.2184245086561125        4.9874813559936371     
   855.00000000000000       0.24419357160483979        1.2226087447845555        5.0067196148922868     
   856.00000000000000       0.24408937256258240        1.2268026185592225        5.0260386418285412     
   857.00000000000000       0.24398506066547132        1.2310061413234050        5.0454160511542199     
   858.00000000000000       0.24388172096476896        1.2352193244200680        5.0648294572208110     
   859.00000000000000       0.24378042009438922        1.2394421791918471        5.0842564743794769     
   860.00000000000000       0.24368220663497150        1.2436747169810582        5.1036747169810592     
   861.00000000000000       0.24358791731027143        1.2479169491296942        5.1230658848326751     
   862.00000000000000       0.24349760117492864        1.2521688869794301        5.1424280195675198     
   863.00000000000000       0.24341111388467718        1.2564305418716253        5.1617632482750739     
   864.00000000000000       0.24332831351601000        1.2607019251473259        5.1810736980445018     
   865.00000000000000       0.24324906049874750        1.2649830481472637        5.2003614959646560     
   866.00000000000000       0.24317321755142046        1.2692739222118634        5.2196287691240819     
   867.00000000000000       0.24310064961935296        1.2735745586812435        5.2388776446110148     
   868.00000000000000       0.24303122381533876        1.2778849688952150        5.2581102495133880     
   869.00000000000000       0.24296480936281195        1.2822051641932879        5.2773287109188312     
   870.00000000000000       0.24290127754141133        1.2865351559146723        5.2965351559146727     
   871.00000000000000       0.24284041165197248        1.2908749553982786        5.3157336812964235     
   872.00000000000000       0.24278163978080217        1.2952245739827231        5.3349362626932146     
   873.00000000000000       0.24272430945174414        1.2995840230063267        5.3541568454423647     
   874.00000000000000       0.24266777809684767        1.3039533138071175        5.3734093748808931     
   875.00000000000000       0.24261141288045518        1.3083324577228375        5.3927077963455403     
   876.00000000000000       0.24255459055904588        1.3127214660909372        5.4120660551727511     
   877.00000000000000       0.24249669737510193        1.3171203502485840        5.4314980966986885     
   878.00000000000000       0.24243712898331826        1.3215291215326612        5.4510178662592299     
   879.00000000000000       0.24237529040753025        1.3259477912797701        5.4706393091899717     
   880.00000000000000       0.24231059602677613        1.3303763708262326        5.4903763708262332     
   881.00000000000000       0.24224255594353250        1.3348148715080939        5.5102410322125372     
   882.00000000000000       0.24217103238429832        1.3392633046611235        5.5302374172310689     
   883.00000000000000       0.24209597593645757        1.3437216816208171        5.5503676854732227     
   884.00000000000000       0.24201733852236021        1.3481900137223990        5.5706339965301224     
   885.00000000000000       0.24193507340063153        1.3526683123008223        5.5910385099926208     
   886.00000000000000       0.24184913516733356        1.3571565886907759        5.6115833854513051     
   887.00000000000000       0.24175947975696008        1.3616548542266791        5.6322707824964953     
   888.00000000000000       0.24166606444325589        1.3661631202426905        5.6531028607182483     
   889.00000000000000       0.24156884783984175        1.3706813980727031        5.6740817797063556     
   890.00000000000000       0.24146778990063569        1.3752096990503537        5.6952096990503547     
   891.00000000000000       0.24136302556102296        1.3797480345090165        5.7164846657931028     
   892.00000000000000       0.24125537985481135        1.3842964157818130        5.7378882767915442     
   893.00000000000000       0.24114583681444429        1.3888548542016064        5.7593980163559513     
   894.00000000000000       0.24103536438787890        1.3934233611010094        5.7809913687963430     
   895.00000000000000       0.24092491452329304        1.3980019478123820        5.8026458184224889     
   896.00000000000000       0.24081542332958014        1.4025906256678358        5.8243388495439072     
   897.00000000000000       0.24070781130848642        1.4071894059992338        5.8460479464698691     
   898.00000000000000       0.24060298365439237        1.4117983001381931        5.8677505935093990     
   899.00000000000000       0.24050183061789940        1.4164173194160876        5.8894242749712795     
   900.00000000000000       0.24040522792956193        1.4210464751640464        5.9110464751640475     
   901.00000000000000       0.24031369643215694        1.4256857787129598        5.9326030928721769     
   902.00000000000000       0.24022639088141939        1.4303352413934762        5.9541136847846108     
   903.00000000000000       0.24014214143445045        1.4349948745360110        5.9756062220662312     
   904.00000000000000       0.24005979669179206        1.4396646894707394        5.9971086758816847     
   905.00000000000000       0.23997822324463333        1.4443446975276018        6.0186490173953811     
   906.00000000000000       0.23989630533706480        1.4490349100363107        6.0402552177715005     
   907.00000000000000       0.23981294463766342        1.4537353383263423        6.0619552481739900     
   908.00000000000000       0.23972706011491560        1.4584459937269461        6.0837770797665698     
   909.00000000000000       0.23963758801114518        1.4631668875671424        6.1057486837127266     
   910.00000000000000       0.23954348190974861        1.4678980311757270        6.1278980311757278     
   911.00000000000000       0.23944408451428847        1.4726394358812676        6.1502435479603168     
   912.00000000000000       0.23934023059401857        1.4773911130121125        6.1727654784378503     
   913.00000000000000       0.23923311088574756        1.4821530738963840        6.1954345216211628     
   914.00000000000000       0.23912389730541414        1.4869253298619876        6.2182213765228775     
   915.00000000000000       0.23901374291490948        1.4917078922366078        6.2410967421553911     
   916.00000000000000       0.23890378200369428        1.4965007723477128        6.2640313175308870     
   917.00000000000000       0.23879513027920860        1.5013039815225553        6.2869958016613321     
   918.00000000000000       0.23868888516023817        1.5061175310881734        6.3099608935584781     
   919.00000000000000       0.23858612616760461        1.5109414323713908        6.3328972922338664     
   920.00000000000000       0.23848791540678702        1.5157756966988216        6.3557756966988226     
   921.00000000000000       0.23839493310345378        1.5206203353968686        6.3785765729214585     
   922.00000000000000       0.23830639457811273        1.5254753597917270        6.4013194546976475     
   923.00000000000000       0.23822116544008584        1.5303407812093839        6.4240336427800511     
   924.00000000000000       0.23813812897446976        1.5352166109756218        6.4467484379211228     
   925.00000000000000       0.23805618568260309        1.5401028604160163        6.4694931408731104     
   926.00000000000000       0.23797425293219526        1.5449995408559425        6.4922970523880625     
   927.00000000000000       0.23789126471176597        1.5499066636205727        6.5151894732178253     
   928.00000000000000       0.23780617148425948        1.5548242400348777        6.5381997041140387     
   929.00000000000000       0.23771794013486203        1.5597522814236315        6.5613570458281512     
   930.00000000000000       0.23762555400817911        1.5646907991114085        6.5846907991114101     
   931.00000000000000       0.23752835530873820        1.5696398044225883        6.6082207422451864     
   932.00000000000000       0.23742706115927054        1.5745993086813534        6.6319285636319387     
   933.00000000000000       0.23732271761017770        1.5795693232116936        6.6557864292042517     
   934.00000000000000       0.23721635452022863        1.5845498593374070        6.6797665048945198     
   935.00000000000000       0.23710898552998838        1.5895409283820983        6.7038409566349433     
   936.00000000000000       0.23700160812477325        1.5945425416691836        6.7279819503575329     
   937.00000000000000       0.23689520378255391        1.5995547105218912        6.7521616519941130     
   938.00000000000000       0.23679073820235064        1.6045774462632603        6.7763522274763170     
   939.00000000000000       0.23668916160881126        1.6096107602161425        6.8005258427355946     
   940.00000000000000       0.23659140912883361        1.6146546637032084        6.8246546637032095     
   941.00000000000000       0.23649811383105648        1.6197091680469418        6.8487191792319679     
   942.00000000000000       0.23640875389934765        1.6247742845696447        6.8727331698613892     
   943.00000000000000       0.23632253050489671        1.6298500245934371        6.8967187390525417     
   944.00000000000000       0.23623865710362352        1.6349363994402599        6.9206979902663130     
   945.00000000000000       0.23615635911685282        1.6400334204318734        6.9446930269634048     
   946.00000000000000       0.23607487366826921        1.6451410988898603        6.9687259526043475     
   947.00000000000000       0.23599344937449410        1.6502594461356288        6.9928188706494963     
   948.00000000000000       0.23591134618673540        1.6553884734904096        7.0169938845590263     
   949.00000000000000       0.23582783528105794        1.6605281922752571        7.0412730977929359     
   950.00000000000000       0.23574219899490007        1.6656786138110560        7.0656786138110572     
   951.00000000000000       0.23565385608276412        1.6708397494185168        7.0902287668558248     
   952.00000000000000       0.23556273369523434        1.6760116104181797        7.1149268143006230     
   953.00000000000000       0.23546888480542882        1.6811942081304143        7.1397722443014420     
   954.00000000000000       0.23537236196393396        1.6863875538754205        7.1647645450141049     
   955.00000000000000       0.23527321729342943        1.6915916589732320        7.1899032045942688     
   956.00000000000000       0.23517150248362928        1.6968065347437156        7.2151877111974203     
   957.00000000000000       0.23506726878653245        1.7020321925065727        7.2406175529788861     
   958.00000000000000       0.23496056701197676        1.7072686435813376        7.2661922180938223     
   959.00000000000000       0.23485144752348985        1.7125158992873830        7.2919111946972226     
   960.00000000000000       0.23473996023442961        1.7177739709439201        7.3177739709439216     
   961.00000000000000       0.23462625831247502        1.7230428698699964        7.3437767889357453     
   962.00000000000000       0.23451090595039023        1.7283226073845015        7.3699029065629924     
   963.00000000000000       0.23439456139081782        1.7336131948061635        7.3961323356629558     
   964.00000000000000       0.23427787242883588        1.7389146434535516        7.4224450880727684     
   965.00000000000000       0.23416147649667485        1.7442269646450801        7.4488211756294103     
   966.00000000000000       0.23404600078274776        1.7495501696990066        7.4752406101697044     
   967.00000000000000       0.23393206238316799        1.7548842699334293        7.5016834035303130     
   968.00000000000000       0.23382026848399240        1.7602292766662966        7.5281295675477500     
   969.00000000000000       0.23371121657249364        1.7655852012154016        7.5545591140583710     
   970.00000000000000       0.23360549467584313        1.7709520548983877        7.5809520548983889     
   971.00000000000000       0.23350347433116175        1.7763298490327399        7.6072951553324417     
   972.00000000000000       0.23340469539492256        1.7817185949358001        7.6336021943393995     
   973.00000000000000       0.23330849916563876        1.7871183039247562        7.6598937043265662     
   974.00000000000000       0.23321423703364771        1.7925289873166494        7.6861902177011032     
   975.00000000000000       0.23312127024441509        1.7979506564283725        7.7125122668700206     
   976.00000000000000       0.23302896970072892        1.8033833225766704        7.7388803842401810     
   977.00000000000000       0.23293671580196670        1.8088269970781448        7.7653151022183025     
   978.00000000000000       0.23284389831868810        1.8142816912492492        7.7918369532109599     
   979.00000000000000       0.23274991630087205        1.8197474164062961        7.8184664696245818     
   980.00000000000000       0.23265417801816576        1.8252241838654524        7.8452241838654535     
   981.00000000000000       0.23255621223373257        1.8307120049427448        7.8721268606781933     
   982.00000000000000       0.23245599867886557        1.8362108909540564        7.8991761941611749     
   983.00000000000000       0.23235362814020918        1.8417208532151301        7.9263701107511020     
   984.00000000000000       0.23224919029576552        1.8472419030415730        7.9537065368845461     
   985.00000000000000       0.23214277371216277        1.8527740517488469        7.9811833989979313     
   986.00000000000000       0.23203446584273921        1.8583173106522797        8.0087986235275483     
   987.00000000000000       0.23192435302641107        1.8638716910670636        8.0365501369095540     
   988.00000000000000       0.23181252048729747        1.8694372043082512        8.0644358655799611     
   989.00000000000000       0.23169905233507448        1.8750138616907606        8.0924537359746544     
   990.00000000000000       0.23158403156603116        1.8806016745293772        8.1206016745293788     
   991.00000000000000       0.23146758786397040        1.8862006541387490        8.1488759248972578     
   992.00000000000000       0.23135003947843050        1.8918108118333956        8.1772659996013317     
   993.00000000000000       0.23123174717934764        1.8974321589277010        8.2057597283820094     
   994.00000000000000       0.23111306611227844        1.9030647067359197        8.2343449409795824     
   995.00000000000000       0.23099434584505674        1.9087084665721750        8.2630094671341983     
   996.00000000000000       0.23087593042475243        1.9143634497504598        8.2917411365858822     
   997.00000000000000       0.23075815844439140        1.9200296675846409        8.3205277790745313     
   998.00000000000000       0.23064136311890737        1.9257071313884533        8.3493572243399079     
   999.00000000000000       0.23052587236981908        1.9313958524755066        8.3782173021216551     
   1000.0000000000000       0.23041200891814259        1.9370958421592850        8.4070958421592863     
