 sin(alpha):  0.20000000000000001        tg(beta):   1.0000000000000000     
 rmh:   125.00000000000000     
   250.00000000000000        0.0000000000000000        0.0000000000000000       0.16160000000000002     
   251.00000000000000       0.13992012678130689        2.6734521838539339E-002  0.19106988003466441     
   252.00000000000000       0.18506292387480802        3.7948092231516142E-002  0.20505507768367148     
   253.00000000000000       0.21540771429200203        4.6649251652992142E-002  0.21656258600727468     
   254.00000000000000       0.23836866232075757        5.4066666528119998E-002  0.22681952401681862     
   255.00000000000000       0.25677066785927799        6.0674534403821111E-002  0.23629854184541638     
   256.00000000000000       0.27204010758241237        6.6715247819121373E-002  0.24524048461828563     
   257.00000000000000       0.28501164617284136        7.2332349822915643E-002  0.25378734797051306     
   258.00000000000000       0.29622120574579991        7.7619089448274559E-002  0.26203083352136114     
   259.00000000000000       0.30603575981713210        8.2640054866476645E-002  0.27003398202830020     
   260.00000000000000       0.31471879687071630        8.7442145867350690E-002  0.27784214586735073     
   261.00000000000000       0.32246589211689597        9.2060677351050196E-002  0.28548965829129491     
   262.00000000000000       0.32942428509881000        9.6523018686213824E-002  0.29300517008714760     
   263.00000000000000       0.33570830470071417       0.10085088499875862       0.30041224356563878     
   264.00000000000000       0.34140884525432708       0.10506184429694933       0.30773029391984613     
   265.00000000000000       0.34659935350118187       0.10917034520737963       0.31497561696117637     
   266.00000000000000       0.35134000957599876       0.11318843933067402       0.32216211147506701     
   267.00000000000000       0.35568072247825672       0.11712630220191601       0.32930180018141442     
   268.00000000000000       0.35966332400906431       0.12099261743917712       0.33640521388310318     
   269.00000000000000       0.36332320677205882       0.12479486554066355       0.34348168026315251     
   270.00000000000000       0.36669056788930748       0.12853954472163603       0.35053954472163606     
   271.00000000000000       0.36979186538151798       0.13223234234800724       0.35758586039090340     
   272.00000000000000       0.37265201362776140       0.13587826982099879       0.36462507876510852     
   273.00000000000000       0.37529339800795081       0.13948176999504094       0.37166060137323798     
   274.00000000000000       0.37773583577640890       0.14304680366069850       0.37869534768041285     
   275.00000000000000       0.37999695698028330       0.14657691986592378       0.38573182540914175     
   276.00000000000000       0.38209251599004107       0.15007531361479343       0.39277218823805754     
   277.00000000000000       0.38403664846020941       0.15354487360270827       0.39981828353711735     
   278.00000000000000       0.38584208494850841       0.15698822201001414       0.40687169216122343     
   279.00000000000000       0.38752032979655243       0.16040774790873519       0.41393376185695602     
   280.00000000000000       0.38908181193207514       0.16380563549010471       0.42100563549010472     
   281.00000000000000       0.39053586691776226       0.16718388805992118       0.42808843494809201     
   282.00000000000000       0.39189042351356157       0.17054434855089406       0.43518376137352155     
   283.00000000000000       0.39315256067240084       0.17388871714946608       0.44229323306979801     
   284.00000000000000       0.39432873655241252       0.17721856651726001       0.44941834081550602     
   285.00000000000000       0.39542485692477675       0.18053535499575285       0.45656046106908454     
   286.00000000000000       0.39644633443492322       0.18384043811078796       0.46372086747333874     
   287.00000000000000       0.39739814014974773       0.18713507863649001       0.47090074091935530     
   288.00000000000000       0.39828484856765378       0.19042045543263889       0.47810117838387600     
   289.00000000000000       0.39911067706342956       0.19369767123300538       0.48532320071763335     
   290.00000000000000       0.39987952057501075       0.19696775953260548       0.49256775953260551     
   291.00000000000000       0.40059478842217477       0.20023169069782235       0.49983598510224303     
   292.00000000000000       0.40125886979738273       0.20349037740370926       0.50712991716908973     
   293.00000000000000       0.40187377271298247       0.20674467948665823       0.51445178442713380     
   294.00000000000000       0.40244134200984716       0.20999540828729404       0.52180376707459586     
   295.00000000000000       0.40296327630436046       0.21324333054740099       0.52918800071085659     
   296.00000000000000       0.40344114300501788       0.21648917191547179       0.53660657984200477     
   297.00000000000000       0.40387639164759925       0.21973362010775760       0.54406156104188752     
   298.00000000000000       0.40427036576152192       0.22297732776520895       0.55155496580905150     
   299.00000000000000       0.40462431344954569       0.22622091504123071       0.55908878315449806     
   300.00000000000000       0.40493939683740443       0.22946497195053389       0.56666497195053389     
   301.00000000000000       0.40521693130780090       0.23271006050543250       0.57428513599957898     
   302.00000000000000       0.40545906218108713       0.23595671666256837       0.58194954477841909     
   303.00000000000000       0.40566803956384107       0.23920545210017238       0.58965811641793875     
   304.00000000000000       0.40584599005985622       0.24245675584350232       0.59741074639604930     
   305.00000000000000       0.40599492453103003       0.24571109575397015       0.60520730902681652     
   306.00000000000000       0.40611674526582381       0.24896891989563555       0.61304765882695356     
   307.00000000000000       0.40621325261114011       0.25223065779115272       0.62093163177176824     
   308.00000000000000       0.40628615111713262       0.25549672157787606       0.62885904645126867     
   309.00000000000000       0.40633705523895908       0.25876750707362928       0.63682970513593218     
   310.00000000000000       0.40636749463469296       0.26204339476059219       0.64484339476059227     
   311.00000000000000       0.40637900220024498       0.26532475069484135       0.65289975431383496     
   312.00000000000000       0.40637335982315798       0.26861192734827699       0.66099787511949404     
   313.00000000000000       0.40635233952070032       0.27190526438896079       0.66913670217742016     
   314.00000000000000       0.40631762323028064       0.27520508940526439       0.67731516840777495     
   315.00000000000000       0.40627080752511430       0.27851171857868107       0.68553219532384047     
   316.00000000000000       0.40621340807762074       0.28182545730966302       0.69378669365785872     
   317.00000000000000       0.40614686388587551       0.28514660080042192       0.70207756394383036     
   318.00000000000000       0.40607254127724257       0.28847543459823749       0.71040369706082473     
   319.00000000000000       0.40599173770227365       0.29181223510249055       0.71876397474001186     
   320.00000000000000       0.40590568533099736       0.29515727003832237       0.72715727003832242     
   321.00000000000000       0.40581530005096222       0.29851079889956028       0.73558290892943989     
   322.00000000000000       0.40572044506685501       0.30187307336329972       0.74404205416258173     
   323.00000000000000       0.40562073706054774       0.30524433767832354       0.75253632220671984     
   324.00000000000000       0.40551580644539076       0.30862482902933835       0.76106732246674991     
   325.00000000000000       0.40540529714570828       0.31201477787883564       0.76963665762535216     
   326.00000000000000       0.40528886637993894       0.31541440828823081       0.77824592396413095     
   327.00000000000000       0.40516618444746816       0.31882393821978483       0.78689671166553621     
   328.00000000000000       0.40503693451913486       0.32224357982069318       0.79559060509695234     
   329.00000000000000       0.40490081243133813       0.32567353969060453       0.80432918307821688     
   330.00000000000000       0.40475752648362923       0.32911401913373162       0.81311401913373171     
   331.00000000000000       0.40460665501369875       0.33256521439662029       0.82194697065810907     
   332.00000000000000       0.40444723213100531       0.33602731689255522       0.83083104592421075     
   333.00000000000000       0.40427819568160173       0.33950051341350757       0.83976953751146333     
   334.00000000000000       0.40409853126900858       0.34298498633045199       0.84876573357829588     
   335.00000000000000       0.40390727094328116       0.34648091378282286       0.85782291805159805     
   336.00000000000000       0.40370349199271294       0.34998846985781568       0.86694437080602005     
   337.00000000000000       0.40348631582681255       0.35350782476018683       0.87613336783377338     
   338.00000000000000       0.40325490694018018       0.35703914497315958       0.88539318140553624     
   339.00000000000000       0.40300847194779532       0.36058259341099269       0.89472708022302228     
   340.00000000000000       0.40274625868304675       0.36413832956373304       0.90413832956373319     
   341.00000000000000       0.40246527211383493       0.36770650963463231       0.91363537455879840     
   342.00000000000000       0.40215362728868997       0.37128728667067429       0.92324738974477039     
   343.00000000000000       0.40179775250386468       0.37488081068662960       0.93300872976641103     
   344.00000000000000       0.40138472353111188       0.37848722878302027       0.94295374635423368     
   345.00000000000000       0.40090227125793376       0.38210668525835656       0.95311678843673986     
   346.00000000000000       0.40033879595960842       0.38573932171597847       0.96353220224726122     
   347.00000000000000       0.39968338684593319       0.38938527716581373       0.97423433142571647     
   348.00000000000000       0.39892584557183913       0.39304468812134236       0.98525751711557708     
   349.00000000000000       0.39805671244071933       0.39671768869204194       0.99663609805631204     
   350.00000000000000       0.39706729406796831       0.40040441067156102        1.0084044106715611     
   351.00000000000000       0.39595474318284418       0.40410498362186476        1.0205837676637124     
   352.00000000000000       0.39473662365728190       0.40781953495356699        1.0331433936255277     
   353.00000000000000       0.39343465911187381       0.41154819000266141        1.0460394895855807     
   354.00000000000000       0.39206948106948292       0.41529107210384369        1.0592282545711469     
   355.00000000000000       0.39066060388004348       0.41904830266060533        1.0726658856782973     
   356.00000000000000       0.38922642214300385       0.42282000121227253        1.0863085781389379     
   357.00000000000000       0.38778422720791217       0.42660628549814789        1.1001125253849511     
   358.00000000000000       0.38635023955367148       0.43040727151890595        1.1140339191095909     
   359.00000000000000       0.38493965412388320       0.43422307359538348        1.1280289493262745     
   360.00000000000000       0.38356669600648796       0.43805380442489789        1.1420538044248980     
   361.00000000000000       0.38224107926574763       0.44189957513521849        1.1560755740436630     
   362.00000000000000       0.38095770165812254       0.44576049533630635        1.1701049575743683     
   363.00000000000000       0.37970825143485798       0.44963667316993539        1.1841635557584773     
   364.00000000000000       0.37848489242457917       0.45352821535729926        1.1982729679168740     
   365.00000000000000       0.37728023367520169       0.45743522724469859        1.2124547919955484     
   366.00000000000000       0.37608730359550774       0.46135781284740585        1.2267306246094627     
   367.00000000000000       0.37489952800061199       0.46529607489179253        1.2411220610846780     
   368.00000000000000       0.37371071153620805       0.46925011485580120        1.2556506954988271     
   369.00000000000000       0.37251502201605036       0.47322003300784266        1.2703381207200102     
   370.00000000000000       0.37130697725762235       0.47720592844418730        1.2852059284441875     
   371.00000000000000       0.37008330962188063       0.48120789912492573        1.3002691194493010     
   372.00000000000000       0.36884835958538348       0.48522604190856072        1.3155163342843534     
   373.00000000000000       0.36760805699988230       0.48926045258529421        1.3309296226482077     
   374.00000000000000       0.36636799929920066       0.49331122590906745        1.3464910332034661     
   375.00000000000000       0.36513346350182746       0.49737845562841354        1.3621826136073234     
   376.00000000000000       0.36390941933831800       0.50146223451616945        1.3779864105412778     
   377.00000000000000       0.36270054324695389       0.50556265439810244        1.3938844697397579     
   378.00000000000000       0.36151123301120064       0.50967980618049891        1.4098588360177111     
   379.00000000000000       0.36034562284110966       0.51381377987675514        1.4258915532971952     
   380.00000000000000       0.35920759872770053       0.51796466463302182        1.4419646646330220     
   381.00000000000000       0.35809996505382785       0.52213254875293202        1.4580636685469868     
   382.00000000000000       0.35702200785448424       0.52631751972146390        1.4741878879802319     
   383.00000000000000       0.35597221314380284       0.53051966422796359        1.4903401013877688     
   384.00000000000000       0.35494913619147567       0.53473906818836958        1.5065230864512009     
   385.00000000000000       0.35395139763370181       0.53897581676667206        1.5227396201001835     
   386.00000000000000       0.35297767986065820       0.54322999439563269        1.5389924785331432     
   387.00000000000000       0.35202672365792509       0.54750168479680683        1.5552844372373009     
   388.00000000000000       0.35109732508134561       0.55179097099988061        1.5716182710080071     
   389.00000000000000       0.35018833254665971       0.55609793536136587        1.5879967539674396     
   390.00000000000000       0.34929864411690764       0.56042265958266935        1.6044226595826696     
   391.00000000000000       0.34842704062639629       0.56476522472756430        1.6208995252269711     
   392.00000000000000       0.34757170674828075       0.56912571123908762        1.6374339458282239     
   393.00000000000000       0.34673074949731442       0.57350419895588500        1.6540332802537523     
   394.00000000000000       0.34590236235020250       0.57790076712802663        1.6707048867823042     
   395.00000000000000       0.34508482114241207       0.58231549443231145        1.6874561231193572     
   396.00000000000000       0.34427648030539471       0.58674845898708383        1.7042943464119342     
   397.00000000000000       0.34347576941254832       0.59119973836657591        1.7212269132629459     
   398.00000000000000       0.34268119000514924       0.59566940961479919        1.7382611797450815     
   399.00000000000000       0.34189131267207828       0.60015754925899789        1.7554045014142643     
   400.00000000000000       0.34110477435949638       0.60466423332268371        1.7726642333226839     
   401.00000000000000       0.34032075393819106       0.60918953733826542        1.7900452155465847     
   402.00000000000000       0.33954035831639706       0.61373353635928940        1.8075422297439774     
   403.00000000000000       0.33876510831797757       0.61829630497230459        1.8251475426210324     
   404.00000000000000       0.33799645180871779       0.62287791730836806        1.8428534204284284     
   405.00000000000000       0.33723576658077781       0.62747844705419942        1.8606521289725064     
   406.00000000000000       0.33648436324711667       0.63209796746300351        1.8785359336260923     
   407.00000000000000       0.33574348813235383       0.63673655136496443        1.8964970993389922     
   408.00000000000000       0.33501432614819937       0.64139427117743275        1.9145278906481775     
   409.00000000000000       0.33429800364311713       0.64607119891480769        1.9326205716876697     
   410.00000000000000       0.33359559121731414       0.65076740619813256        1.9507674061981328     
   411.00000000000000       0.33290788781074648       0.65548296426440678        1.9689619509317238     
   412.00000000000000       0.33223478692878416       0.66021794397562861        1.9872029358477410     
   413.00000000000000       0.33157596822922314       0.66497241582757771        2.0054903839347999     
   414.00000000000000       0.33093112087837168       0.66974644995834520        2.0238243178238275     
   415.00000000000000       0.33029994319662914       0.67454011615661891        2.0422047597963466     
   416.00000000000000       0.32968214231990378       0.67935348386973482        2.0606317317925305     
   417.00000000000000       0.32907743387604999       0.68418662221150139        2.0791052554190226     
   418.00000000000000       0.32848554167554606       0.68903959996980280        2.0976253519565424     
   419.00000000000000       0.32790619741568744       0.69391248561399188        2.1161920423672793     
   420.00000000000000       0.32733914039760692       0.69880534730207655        2.1348053473020769     
   421.00000000000000       0.32678391377625737       0.70371825288770717        2.1534666280101211     
   422.00000000000000       0.32623927057203034       0.70865126992697347        2.1721826090538370     
   423.00000000000000       0.32570381209995541       0.71360446568501656        2.1909613556074010     
   424.00000000000000       0.32517619338132892       0.71857790714245839        2.2098109325604707     
   425.00000000000000       0.32465512097680632       0.72357166100165715        2.2287394045244393     
   426.00000000000000       0.32413935099866042       0.72858579369280219        2.2477548358385318     
   427.00000000000000       0.32362768728684083       0.73362037137983405        2.2668652905757241     
   428.00000000000000       0.32311897973472020       0.73867545996621609        2.2860788325485140     
   429.00000000000000       0.32261212275151496       0.74375112510054942        2.3054035253145391     
   430.00000000000000       0.32210605384938878       0.74884743218204219        2.3248474321820423     
   431.00000000000000       0.32160011682409029       0.75396444636583126        2.3444159592088605     
   432.00000000000000       0.32109512515297334       0.75910223256817111        2.3641038841886068     
   433.00000000000000       0.32059221806487798       0.76426085547148392        2.3839033276747257     
   434.00000000000000       0.32009249011525898       0.76944037952928079        2.4038064099917511     
   435.00000000000000       0.31959699261094637       0.77464086897095530        2.4238052512401000     
   436.00000000000000       0.31910673506218079       0.77986238780645756        2.4438919713007450     
   437.00000000000000       0.31862268665439131       0.78510499983084625        2.4640586898397676     
   438.00000000000000       0.31814577773290925       0.79036876862872740        2.4842975263127971     
   439.00000000000000       0.31767690129449028       0.79565375757857937        2.5046005999693346     
   440.00000000000000       0.31721691448016442       0.80096002985697290        2.5249600298569734     
   441.00000000000000       0.31676647988442835       0.80628764844268241        2.5453692219481523     
   442.00000000000000       0.31632559847823732       0.81163667612069679        2.5658267305120930     
   443.00000000000000       0.31589411187538802       0.81700717548613244        2.5863323967507834     
   444.00000000000000       0.31547186547079253       0.82239920894804563        2.6068860616801537     
   445.00000000000000       0.31505870832768140       0.82781283873315836        2.6274875661337997     
   446.00000000000000       0.31465449306886040       0.83324812688948657        2.6481367507666094     
   447.00000000000000       0.31425907577185308       0.83870513528988566        2.6688334560583122     
   448.00000000000000       0.31387231586776732       0.84418392563550737        2.6895775223169327     
   449.00000000000000       0.31349407604373014       0.84968455945917376        2.7103687896821658     
   450.00000000000000       0.31312422214874575       0.85520709812867424        2.7312070981286745     
   451.00000000000000       0.31276245166705308       0.86075160284997654        2.7520937959850684     
   452.00000000000000       0.31240779121907913       0.86631813467037067        2.7730362654843530     
   453.00000000000000       0.31205913098885785       0.87190675448153221        2.7940433972196885     
   454.00000000000000       0.31171539782144025       0.87751752302251484        2.8151240816316130     
   455.00000000000000       0.31137555395549538       0.88315050088267633        2.8362872090109690     
   456.00000000000000       0.31103859586394222       0.88880574850453087        2.8575416695017539     
   457.00000000000000       0.31070355319396714       0.89448332618654025        2.8788963531039151     
   458.00000000000000       0.31036948779839502       0.90018329408583830        2.9003601496760707     
   459.00000000000000       0.31003549285094339       0.90590571222089200        2.9219419489381711     
   460.00000000000000       0.30970069203839795       0.91165064047410338        2.9436506404741039     
   461.00000000000000       0.30936458529393940       0.91741813859435317        2.9654917925485176     
   462.00000000000000       0.30902806414202466       0.92320826619948060        2.9874576885521567     
   463.00000000000000       0.30869233143989533       0.92902108277871731        3.0095372905614424     
   464.00000000000000       0.30835855000146795       0.93485664769505672        3.0317195605265570     
   465.00000000000000       0.30802784368216946       0.94071502018757558        3.0539934602737668     
   466.00000000000000       0.30770129851851930       0.94659625937370317        3.0763479515076906     
   467.00000000000000       0.30737996391418299       0.95250042425143933        3.0987719958135158     
   468.00000000000000       0.30706485386488447       0.95842757370152376        3.1212545546591723     
   469.00000000000000       0.30675694821520599       0.96437776648955620        3.1437845893974501     
   470.00000000000000       0.30645719394092147       0.97035106126807213        3.1663510612680721     
   471.00000000000000       0.30616614390058589       0.97634751657857488        3.1889467076268279     
   472.00000000000000       0.30588289358116211       0.98236719085351343        3.2115793706288280     
   473.00000000000000       0.30560620918091147       0.98841014241823510        3.2342606685491795     
   474.00000000000000       0.30533489462217889       0.99447642949287696        3.2570022195577781     
   475.00000000000000       0.30506779023383013        1.0005661101942303        3.2798156417211746     
   476.00000000000000       0.30480377156098820        1.0066792425375581        3.3027125530043895     
   477.00000000000000       0.30454174829208808        1.0128158844383770        3.3257045712726989     
   478.00000000000000       0.30428066329396009        1.0189760937141998        3.3488033142933746     
   479.00000000000000       0.30401949174627785        1.0251599280862420        3.3720203997373899     
   480.00000000000000       0.30375724036727425        1.0313674451810906        3.3953674451810909     
   481.00000000000000       0.30349328260578495        1.0375987025323417        3.4188522843851694     
   482.00000000000000       0.30322834489180106        1.0438537575821982        3.4424676161282668     
   483.00000000000000       0.30296346260746876        1.0501326676830407        3.4662023553765406     
   484.00000000000000       0.30269963965244900        1.0564354900989585        3.4900454170078543     
   485.00000000000000       0.30243784919919253        1.0627622820072569        3.5139857158132912     
   486.00000000000000       0.30217903449381606        1.0691131004999259        3.5380121664986155     
   487.00000000000000       0.30192410969665512        1.0754880025850844        3.5621136836857223     
   488.00000000000000       0.30167396075700226        1.0818870451883928        3.5862791819140485     
   489.00000000000000       0.30142944631694729        1.0883102851544342        3.6104975756419520     
   490.00000000000000       0.30119139863964917        1.0947577792480723        3.6347577792480728     
   491.00000000000000       0.30096034830437607        1.1012295841557815        3.6590520656962213     
   492.00000000000000       0.30073571263611137        1.1077257564869416        3.6833861425273557     
   493.00000000000000       0.30051665299938279        1.1142463527751216        3.7077690758701816     
   494.00000000000000       0.30030235436009711        1.1207914294793231        3.7322099317788400     
   495.00000000000000       0.30009202451063943        1.1273610429852072        3.7567177762341295     
   496.00000000000000       0.29988489335829072        1.1339552496062975        3.7813016751447099     
   497.00000000000000       0.29968021227248576        1.1405741055851530        3.8059706943482818     
   498.00000000000000       0.29947725348672810        1.1472176670945240        3.8307338996127300     
   499.00000000000000       0.29927530955123816        1.1538859902384822        3.8556003566372663     
   500.00000000000000       0.29907369283265900        1.1605791310535307        3.8805791310535316     
   501.00000000000000       0.29887186139057104        1.1672971455096899        3.9056776374951045     
   502.00000000000000       0.29866979039486274        1.1740400895115641        3.9308966868038424     
   503.00000000000000       0.29846758039503646        1.1808080188993868        3.9562354388256491     
   504.00000000000000       0.29826532923046906        1.1876009894500470        3.9816930533430859     
   505.00000000000000       0.29806313208693946        1.1944190568780906        4.0072686900763719     
   506.00000000000000       0.29786108155259516        1.2012622768367138        4.0329615086843749     
   507.00000000000000       0.29765926767332279        1.2081307049187229        4.0587706687655727     
   508.00000000000000       0.29745777800750378        1.2150243966574892        4.0846953298590112     
   509.00000000000000       0.29725669768012725        1.2219434075278761        4.1107346514452239     
   510.00000000000000       0.29705610943623978        1.2288877929471544        4.1368877929471548     
   511.00000000000000       0.29685614752496053        1.2358576082758979        4.1631531587938007     
   512.00000000000000       0.29665715624695882        1.2428529088188625        4.1895261336093377     
   513.00000000000000       0.29645952336035097        1.2498737498258496        4.2160013470257436     
   514.00000000000000       0.29626362575441284        1.2569201864925534        4.2425734286208829     
   515.00000000000000       0.29606982971821638        1.2639922739613882        4.2692370079193456     
   516.00000000000000       0.29587849121219478        1.2710900673223113        4.2959867143932584     
   517.00000000000000       0.29568995614192378        1.2782136216136153        4.3228171774630884     
   518.00000000000000       0.29550456063347336        1.2853629918227203        4.3497230264984292     
   519.00000000000000       0.29532263130972231        1.2925382328869419        4.3766988908187692     
   520.00000000000000       0.29514448556708173        1.2997393996942483        4.4037393996942491     
   521.00000000000000       0.29497038720348595        1.3069665470840071        4.4308398530269866     
   522.00000000000000       0.29480041512876431        1.3142197298477114        4.4579982333935328     
   523.00000000000000       0.29463460164978750        1.3214990027296993        4.4852131940038635     
   524.00000000000000       0.29447297777432274        1.3288044204278560        4.5124833880215007     
   525.00000000000000       0.29431557325863511        1.3361360375943063        4.5398074685642023     
   526.00000000000000       0.29416241665378884        1.3434939088360911        4.5671840887046464     
   527.00000000000000       0.29401353535068214        1.3508780887158374        4.5946119014710973     
   528.00000000000000       0.29386895562384191        1.3582886317524112        4.6220895598480558     
   529.00000000000000       0.29372870267400814        1.3657255924215588        4.6496157167769052     
   530.00000000000000       0.29359280066953930        1.3731890251565415        4.6771890251565420     
   531.00000000000000       0.29346114353281405        1.3806789843487555        4.7048102100589393     
   532.00000000000000       0.29333311371070070        1.3881955243483406        4.7324882853745800     
   533.00000000000000       0.29320798107915796        1.3957386994647800        4.7602343371682290     
   534.00000000000000       0.29308503334022712        1.4033085639674865        4.7880594514645818     
   535.00000000000000       0.29296357555864894        1.4109051720863850        4.8159747142488474     
   536.00000000000000       0.29284292974239023        1.4185285780124772        4.8439912114673103     
   537.00000000000000       0.29272243446411128        1.4261788358984002        4.8721200290278892     
   538.00000000000000       0.29260144452076903        1.4338559998589768        4.9003722528006897     
   539.00000000000000       0.29247933062869996        1.4415601239717528        4.9287589686185420     
   540.00000000000000       0.29235547915166898        1.4492912622775294        4.9572912622775300     
   541.00000000000000       0.29222934809835305        1.4570494687808815        4.9859792599971691     
   542.00000000000000       0.29210063283991594        1.4648347974506701        5.0148292497998943     
   543.00000000000000       0.29196909237100893        1.4726473022205482        5.0438465601325913     
   544.00000000000000       0.29183449228597025        1.4804870369894527        5.0730365194074292     
   545.00000000000000       0.29169660470001063        1.4883540556220891        5.1024044560023460     
   546.00000000000000       0.29155520817459030        1.4962484119494164        5.1319556982615335     
   547.00000000000000       0.29141008764663728        1.5041701597691095        5.1616955744958988     
   548.00000000000000       0.29126103436127970        1.5121193528460268        5.1916294129835316     
   549.00000000000000       0.29110784580777449        1.5200960449126619        5.2217625419701603     
   550.00000000000000       0.29095032565833279        1.5281002896695917        5.2521002896695919     
   551.00000000000000       0.29078884705366748        1.5361321407859163        5.2826377502105863     
   552.00000000000000       0.29062601397739174        1.5441916518996877        5.3133290814765566     
   553.00000000000000       0.29046492169795435        1.5522788766183413        5.3441182072667246     
   554.00000000000000       0.29030858778599200        1.5603938685191083        5.3749490513501117     
   555.00000000000000       0.29015995427073421        1.5685366811494288        5.4057655374659426     
   556.00000000000000       0.29002189034667258        1.5767073680273573        5.4365115893240601     
   557.00000000000000       0.28989719558207822        1.5849059826419583        5.4671311306053179     
   558.00000000000000       0.28978860358483782        1.5931325784537005        5.4975680849619701     
   559.00000000000000       0.28969878608516780        1.6013872088948393        5.5277663760180600     
   560.00000000000000       0.28963035739900134        1.6096699273697963        5.5576699273697976     
   561.00000000000000       0.28958453706882853        1.6179807872555332        5.5872485583405691     
   562.00000000000000       0.28955718521305940        1.6263198419019160        5.6165756712452213     
   563.00000000000000       0.28954292720953634        1.6346871446320794        5.6457505641265051     
   564.00000000000000       0.28953650299786826        1.6430827487427773        5.6748725350007927     
   565.00000000000000       0.28953276137226058        1.6515067075047349        5.7040408818584281     
   566.00000000000000       0.28952665626746310        1.6599590741629944        5.7333549026640691     
   567.00000000000000       0.28951324490227937        1.6684399019372471        5.7629138953570251     
   568.00000000000000       0.28948768765284288        1.6769492440221714        5.7928171578515943     
   569.00000000000000       0.28944524953277689        1.6854871535877609        5.8231639880373844     
   570.00000000000000       0.28938130315981064        1.6940536837796438        5.8540536837796449     
   571.00000000000000       0.28929297228360235        1.7026488877194006        5.8855521939545916     
   572.00000000000000       0.28918397851902911        1.7112728185048789        5.9175920715547958     
   573.00000000000000       0.28905959099832429        1.7199255292105007        5.9500725205844187     
   574.00000000000000       0.28892496432016229        1.7286070728875615        5.9828927450245004     
   575.00000000000000       0.28878513614150009        1.7373175025645340        6.0159519488332540     
   576.00000000000000       0.28864502664393132        1.7460568712473568        6.0491493359463604     
   577.00000000000000       0.28850943973673754        1.7548252319197266        6.0823841102772578     
   578.00000000000000       0.28838306586311940        1.7636226375433786        6.1155554757174251     
   579.00000000000000       0.28827048628263785        1.7724491410583729        6.1485626361366608     
   580.00000000000000       0.28817617871129220        1.7813047953833643        6.1813047953833653     
   581.00000000000000       0.28810269275410294        1.7901896534158770        6.2137206573900814     
   582.00000000000000       0.28804524134075177        1.7991037680325719        6.2459069264896065     
   583.00000000000000       0.28799733157763019        1.8080471920895083        6.2779998070994143     
   584.00000000000000       0.28795260852654964        1.8170199784224037        6.3101355036166371     
   585.00000000000000       0.28790485007960437        1.8260221798468916        6.3424502204183248     
   586.00000000000000       0.28784796466353596        1.8350538491587725        6.3750801618616890     
   587.00000000000000       0.28777599157630368        1.8441150391342562        6.4081615322843568     
   588.00000000000000       0.28768310376566042        1.8532058025302156        6.4418305360046153     
   589.00000000000000       0.28756361286207127        1.8623261920844172        6.4762233773216451     
   590.00000000000000       0.28741197627702458        1.8714762605157664        6.5114762605157672     
   591.00000000000000       0.28722529127004059        1.8806560605245339        6.5476687383925309     
   592.00000000000000       0.28701063325023479        1.8898656447925908        6.5846537579145412     
   593.00000000000000       0.28677737711782336        1.8991050659836319        6.6222276145700949     
   594.00000000000000       0.28653467091238960        1.9083743767434005        6.6601866038295316     
   595.00000000000000       0.28629143122545986        1.9176736296999051        6.6983270211454613     
   596.00000000000000       0.28605634442735978        1.9270028774636427        6.7364451619529788     
   597.00000000000000       0.28583787323871984        1.9363621726278022        6.7743373216698739     
   598.00000000000000       0.28564426820025696        1.9457515677684858        6.8117997956968477     
   599.00000000000000       0.28548358362953680        1.9551711154449072        6.8486288794177117     
   600.00000000000000       0.28536369769819564        1.9646208681996000        6.8846208681996011     
   601.00000000000000       0.28528956958944562        1.9741008785586174        6.9196391631124321     
   602.00000000000000       0.28525507671356781        1.9836111990317324        6.9538155880869006     
   603.00000000000000       0.28525151117521413        1.9931518821126317        6.9873490727568814     
   604.00000000000000       0.28527035269171164        2.0027229802791089        7.0204385467403565     
   605.00000000000000       0.28530325002049001        2.0123245459932546        7.0532829396396037     
   606.00000000000000       0.28534200780980740        2.0219566317016393        7.0860811810413828     
   607.00000000000000       0.28537857852194154        2.0316192898355063        7.1190322005171236     
   608.00000000000000       0.28540505911253855        2.0413125728109471        7.1523349276231070     
   609.00000000000000       0.28541369217123758        2.0510365330290807        7.1861882919006401     
   610.00000000000000       0.28539687123862933        2.0607912228762335        7.2207912228762350     
   611.00000000000000       0.28534918587937574        2.0705766947241102        7.2562908786408622     
   612.00000000000000       0.28527345582557545        2.0803930009299689        7.2926273315873527     
   613.00000000000000       0.28517447702015153        2.0902401938367863        7.3296888826733317     
   614.00000000000000       0.28505695842134199        2.1001183257734310        7.3673638328423170     
   615.00000000000000       0.28492551676569056        2.1100274490548179        7.4055404830238700     
   616.00000000000000       0.28478467300145410        2.1199676159820786        7.4441071341337741     
   617.00000000000000       0.28463885029037012        2.1299388788427218        7.4829520870741852     
   618.00000000000000       0.28449237347457390        2.1399412899107881        7.5219636427337919     
   619.00000000000000       0.28434946990645138        2.1499749014470009        7.5610301019879680     
   620.00000000000000       0.28421427154207562        2.1600397656989281        7.6000397656989289     
   621.00000000000000       0.28409007514819307        2.1701359349011313        7.6389009146803151     
   622.00000000000000       0.28397714968630261        2.1802634612753127        7.6776017495906146     
   623.00000000000000       0.28387502433097606        2.1904223970304622        7.7161504510400363     
   624.00000000000000       0.28378323936221073        2.2006127943630038        7.7545551996262212     
   625.00000000000000       0.28370134569241096        2.2108347054569393        7.7928241759343875     
   626.00000000000000       0.28362890441974381        2.2210881824839874        7.8309655605374697     
   627.00000000000000       0.28356548640642248        2.2313732776037254        7.8689875339962638     
   628.00000000000000       0.28351067188056384        2.2416900429637252        7.9068982768595566     
   629.00000000000000       0.28346405006035169        2.2520385306996866        7.9447059696642670     
   630.00000000000000       0.28342521879932070        2.2624187929355752        7.9824187929355768     
   631.00000000000000       0.28339336546915533        2.2728308817837530        8.0200567787502735     
   632.00000000000000       0.28336602623006402        2.2832748493451067        8.0576873654265206     
   633.00000000000000       0.28334036930160894        2.2937507477091748        8.0953898428343365     
   634.00000000000000       0.28331361635962482        2.3042586289542797        8.1332435008325312     
   635.00000000000000       0.28328304165118634        2.3147985451476458        8.1713276292688093     
   636.00000000000000       0.28324597165114468        2.3253705483455303        8.2097215179799115     
   637.00000000000000       0.28319978522529882        2.3359746905933374        8.2485044567917285     
   638.00000000000000       0.28314191426621171        2.3466110239257434        8.2877557355194185     
   639.00000000000000       0.28306984476822616        2.3572796003668079        8.3275546439675239     
   640.00000000000000       0.28298111830845624        2.3679804719301045        8.3679804719301050     
   641.00000000000000       0.28287425514580566        2.3787136906188207        8.4090851229735577     
   642.00000000000000       0.28275148041149623        2.3894793084258796        8.4508109557849274     
   643.00000000000000       0.28261589103177914        2.4002773773340516        8.4930729428238312     
   644.00000000000000       0.28247052273161771        2.4111079493160648        8.5357860565398482     
   645.00000000000000       0.28231834867268329        2.4219710763347115        8.5788652693726171     
   646.00000000000000       0.28216227877317590        2.4328668103429600        8.6222255537519548     
   647.00000000000000       0.28200515966511092        2.4437952032840617        8.6657818820979635     
   648.00000000000000       0.28184977524550259        2.4547563070916505        8.7094492268211248     
   649.00000000000000       0.28169884777919457        2.4657501736898508        8.7531425603224058     
   650.00000000000000       0.28155503951284933        2.4767768549933797        8.7967768549933805     
   651.00000000000000       0.28142039151439813        2.4878364029076456        8.8402847765221804     
   652.00000000000000       0.28129466040133022        2.4989288693288523        8.8836697638112536     
   653.00000000000000       0.28117705116934127        2.5100543061440943        8.9269529490598174     
   654.00000000000000       0.28106678587914197        2.5212127652314527        8.9701554644580739     
   655.00000000000000       0.28096310298647353        2.5324042984600967        9.0132984421873168     
   656.00000000000000       0.28086525672944213        2.5436289576903706        9.0564030144200132     
   657.00000000000000       0.28077251656986019        2.5548867947738940        9.0994903133199010     
   658.00000000000000       0.28068416668548996        2.5661778615536504        9.1425814710420923     
   659.00000000000000       0.28059950551028051        2.5775022098640807        9.1856976197331441     
   660.00000000000000       0.28051784531985680        2.5888598915311718        9.2288598915311724     
   661.00000000000000       0.28043861430124700        2.6002509583725431        9.2720860315596738     
   662.00000000000000       0.28036165951119224        2.6116754621975407        9.3153802369088936     
   663.00000000000000       0.28028693231269070        2.6231334548073164        9.3587433176546533     
   664.00000000000000       0.28021438489290534        2.6346249879949211        9.4021760838646600     
   665.00000000000000       0.28014397024586762        2.6461501135453811        9.4456793455986023     
   666.00000000000000       0.28007564215565001        2.6577088832357885        9.4892539129082358     
   667.00000000000000       0.28000935517998909        2.6693013488353792        9.5329005958374537     
   668.00000000000000       0.27994506463434676        2.6809275621056159        9.5766202044223867     
   669.00000000000000       0.27988272657639601        2.6925875748002670        9.6204135486914577     
   670.00000000000000       0.27982229779091733        2.7042814386654905        9.6642814386654923     
   671.00000000000000       0.27976385523048364        2.7160092054399070        9.7082205390768621     
   672.00000000000000       0.27970794986365055        2.7277709268546784        9.7522109335268699     
   673.00000000000000       0.27965524056144636        2.7395666546335855        9.7962285603285260     
   674.00000000000000       0.27960637382788062        2.7513964404931039        9.8402493577875365     
   675.00000000000000       0.27956198415089867        2.7632603361424772        9.8842492642023796     
   676.00000000000000       0.27952269437511101        2.7751583932837902        9.9282042178643692     
   677.00000000000000       0.27948911609463167        2.7870906636120454        9.9720901570577425     
   678.00000000000000       0.27946185006447294        2.7990571988152277        10.015883020059713     
   679.00000000000000       0.27944148662905455        2.8110580505743847        10.059558745140560     
   680.00000000000000       0.27942860616649312        2.8230932705636875        10.103093270563688     
   681.00000000000000       0.27942322964551675        2.8351629104505083        10.146482502715564     
   682.00000000000000       0.27942318803485688        2.8472670218954801        10.189802220495370     
   683.00000000000000       0.27942580414077689        2.8594056565525743        10.233148170925487     
   684.00000000000000       0.27942844588537930        2.8715788660691590        10.276616101021698     
   685.00000000000000       0.27942852542159580        2.8837867020860708        10.320301757793249     
   686.00000000000000       0.27942349874489630        2.8960292162376722        10.364300888242916     
   687.00000000000000       0.27941086577309132        2.9083064601519286        10.408709239367074     
   688.00000000000000       0.27938817086636025        2.9206184854504587        10.453622558155757     
   689.00000000000000       0.27935300376006206        2.9329653437486063        10.499136591592720     
   690.00000000000000       0.27930300088298265        2.9453470866555000        10.545347086655502     
   691.00000000000000       0.27923678887924874        2.9577637657741125        10.592314063076939     
   692.00000000000000       0.27915677608922407        2.9702154327013206        10.639954631629578     
   693.00000000000000       0.27906626403601870        2.9827021390279729        10.688150175841390     
   694.00000000000000       0.27896849486513275        2.9952239363389408        10.736782079234363     
   695.00000000000000       0.27886665020148788        3.0077808762131788        10.785731725324576     
   696.00000000000000       0.27876385077681454        3.0203730102237847        10.834880497622242     
   697.00000000000000       0.27866315678053200        3.0330003899380533        10.884109779631784     
   698.00000000000000       0.27856756888832962        3.0456630669175380        10.933300954851868     
   699.00000000000000       0.27848002992435161        3.0583610927181031        10.982335406775483     
   700.00000000000000       0.27840342711513727        3.0710945188899768        11.031094518889979     
   701.00000000000000       0.27833951613163072        3.0838633969778129        11.079502615501458     
   702.00000000000000       0.27828572689276332        3.0966677785207359        11.127655784207821     
   703.00000000000000       0.27823846809207087        3.1095077150524015        11.175693053425832     
   704.00000000000000       0.27819421297651209        3.1223832581010442        11.223753451566825     
   705.00000000000000       0.27814949723387089        3.1352944591895375        11.271976007036786     
   706.00000000000000       0.27810091779083335        3.1482413698354317        11.320499748236367     
   707.00000000000000       0.27804513246837737        3.1612240415510171        11.369463703560966     
   708.00000000000000       0.27797886044310788        3.1742425258433671        11.419006901400758     
   709.00000000000000       0.27789888346428798        3.1872968742143941        11.469268370140771     
   710.00000000000000       0.27780204777665146        3.2003871381608944        11.520387138160896     
   711.00000000000000       0.27768661130538125        3.2135133691745934        11.572446197777197     
   712.00000000000000       0.27755622636054683        3.2266756187422034        11.625304397065612     
   713.00000000000000       0.27741581098059359        3.2398739383454616        11.678764548038339     
   714.00000000000000       0.27727018822188382        3.2531083794611821        11.732629462702645     
   715.00000000000000       0.27712408497043939        3.2663789935612999        11.786701953060925     
   716.00000000000000       0.27698213242552999        3.2796858321129205        11.840784831110735     
   717.00000000000000       0.27684886814657417        3.2930289465783611        11.894680908844851     
   718.00000000000000       0.27672873955912081        3.3064083884151962        11.948192998251306     
   719.00000000000000       0.27662610882191740        3.3198242090763044        12.001123911313432     
   720.00000000000000       0.27654525896497761        3.3332764600099094        12.053276460009911     
   721.00000000000000       0.27648900321423531        3.3467651926596242        12.104514659725579     
   722.00000000000000       0.27645454682876541        3.3602904584644984        12.154947339483787     
   723.00000000000000       0.27643776566498951        3.3738523088590502        12.204744531714121     
   724.00000000000000       0.27643461008044745        3.3874507952733168        12.254076268841690     
   725.00000000000000       0.27644109944608763        3.4010859691328990        12.303112583287165     
   726.00000000000000       0.27645331793570233        3.4147578818589901        12.352023507466807     
   727.00000000000000       0.27646741152188054        3.4284665848684264        12.400979073792524     
   728.00000000000000       0.27647958611365742        3.4422121295737216        12.450149314671897     
   729.00000000000000       0.27648610677526725        3.4559945673831147        12.499704262508235     
   730.00000000000000       0.27648329796820426        3.4698139497005971        12.549813949700599     
   731.00000000000000       0.27646817616325647        3.4836703279259598        12.600619631059551     
   732.00000000000000       0.27644032501086507        3.4975637534548345        12.652147451054285     
   733.00000000000000       0.27639996547934681        3.5114942776787172        12.704394776565568     
   734.00000000000000       0.27634731914655292        3.5254619519850228        12.757358974470074     
   735.00000000000000       0.27628260803774279        3.5394668277571140        12.811037411640436     
   736.00000000000000       0.27620605446797064        3.5535089563743365        12.865427454945264     
   737.00000000000000       0.27611788088903877        3.5675883892120561        12.920526471249190     
   738.00000000000000       0.27601830974106550        3.5817051776417017        12.976331827412904     
   739.00000000000000       0.27590756330870037        3.5958593730307880        13.032840890293192     
   740.00000000000000       0.27578586358201590        3.6100510267429624        13.090051026742964     
   741.00000000000000       0.27565397917728041        3.6242801901380344        13.147933510537730     
   742.00000000000000       0.27551484475309179        3.6385469145720100        13.206355243154928     
   743.00000000000000       0.27537188156245135        3.6528512513971267        13.265157032994669     
   744.00000000000000       0.27522844465538565        3.6671932519618879        13.324179688453320     
   745.00000000000000       0.27508782332027076        3.6815729676110900        13.383264017923548     
   746.00000000000000       0.27495324231666718        3.6959904496858669        13.442250829794352     
   747.00000000000000       0.27482786384841490        3.7104457495237164        13.500980932451100     
   748.00000000000000       0.27471479022847756        3.7249389184585238        13.559295134275548     
   749.00000000000000       0.27461706719035084        3.7394700078206107        13.617034243645886     
   750.00000000000000       0.27453768780467985        3.7540390689367542        13.674039068936755     
   751.00000000000000       0.27447853444826786        3.7686461531302236        13.730203568397863     
   752.00000000000000       0.27443723150109411        3.7832913117208062        13.785634299789690     
   753.00000000000000       0.27441039512629600        3.7979745960248481        13.840490970747844     
   754.00000000000000       0.27439470043370501        3.8126960573552666        13.894933288904504     
   755.00000000000000       0.27438687767343217        3.8274557470215989        13.949120961888466     
   756.00000000000000       0.27438370929552808        3.8422537163300281        14.003213697325176     
   757.00000000000000       0.27438202782928905        3.8570900165833968        14.057371202836739     
   758.00000000000000       0.27437871453924273        3.8719646990812571        14.111753186041964     
   759.00000000000000       0.27437069881740156        3.8868778151198806        14.166519354556387     
   760.00000000000000       0.27435495827314166        3.9018294159923088        14.221829415992310     
   761.00000000000000       0.27432902876772919        3.9168195529883532        14.277816571518112     
   762.00000000000000       0.27429251693498946        3.9318482773946490        14.334507996536207     
   763.00000000000000       0.27424554400618967        3.9469156404946655        14.391904360005151     
   764.00000000000000       0.27418823236787859        3.9620216935687464        14.450006330880381     
   765.00000000000000       0.27412070548433864        3.9771664878941255        14.508814578114213     
   766.00000000000000       0.27404308782098724        3.9923500747449552        14.568329770655890     
   767.00000000000000       0.27395550476877645        4.0075725053923401        14.628552577451604     
   768.00000000000000       0.27385808256963706        4.0228338311043546        14.689483667444513     
   769.00000000000000       0.27375094824301233        4.0381341031460796        14.751123709574788     
   770.00000000000000       0.27363422951352118        4.0534733727796111        14.813473372779612     
   771.00000000000000       0.27350855342302099        4.0688516912640997        14.876506201877444     
   772.00000000000000       0.27337652336416790        4.0842691098557786        14.940087245220681     
   773.00000000000000       0.27324118955598414        4.0997256798079711        15.004054427043043     
   774.00000000000000       0.27310554540095222        4.1152214523711290        15.068245671575369     
   775.00000000000000       0.27297252788575949        4.1307564787928515        15.132498903045644     
   776.00000000000000       0.27284501861690436        4.1463308103179148        15.196652045679039     
   777.00000000000000       0.27272584545158429        4.1619444981882889        15.260543023697910     
   778.00000000000000       0.27261778468632403        4.1775975936431653        15.324009761321840     
   779.00000000000000       0.27252356376827863        4.1932901479189812        15.386890182767653     
   780.00000000000000       0.27244586449698582        4.2090222122494341        15.449022212249435     
   781.00000000000000       0.27238636074260797        4.2247938378655228        15.510298776882408     
   782.00000000000000       0.27234285579143802        4.2406050759955454        15.570832815394390     
   783.00000000000000       0.27231223501024843        4.2564559778651434        15.630792269414382     
   784.00000000000000       0.27229143608755174        4.2723465946973143        15.690345080568738     
   785.00000000000000       0.27227744587033276        4.2882769777124281        15.749659190481179     
   786.00000000000000       0.27226729793716886        4.3042471781282670        15.808902540772849     
   787.00000000000000       0.27225807086948600        4.3202572471600220        15.868243073062287     
   788.00000000000000       0.27224688718537188        4.3363072360203399        15.927848728965500     
   789.00000000000000       0.27223091290233004        4.3523971959193251        15.987887450095945     
   790.00000000000000       0.27220735769669585        4.3685271780645669        16.048527178064568     
   791.00000000000000       0.27217403125569850        4.3846972336611660        16.109902966980300     
   792.00000000000000       0.27213099358230375        4.4009074139117450        16.172018320951477     
   793.00000000000000       0.27207885761247907        4.4171577700164733        16.234843856584458     
   794.00000000000000       0.27201822892244887        4.4334483531730902        16.298350190483173     
   795.00000000000000       0.27194970545457342        4.4497792145769210        16.362507939249134     
   796.00000000000000       0.27187387727582046        4.4661504054208958        16.427287719481463     
   797.00000000000000       0.27179132636767450        4.4825619768955729        16.492660147776910     
   798.00000000000000       0.27170262644630422        4.4990139801891509        16.558595840729858     
   799.00000000000000       0.27160834281179724        4.5155064664875040        16.625065414932365     
   800.00000000000000       0.27150903222525957        4.5320394869741785        16.692039486974181     
   801.00000000000000       0.27140529872937674        4.5486130928304229        16.759485220537016     
   802.00000000000000       0.27129795934692641        4.5652273352352193        16.827355967677462     
   803.00000000000000       0.27118787281866558        4.5818822653652713        16.895601627544110     
   804.00000000000000       0.27107588318968573        4.5985779343950490        16.964172099283314     
   805.00000000000000       0.27096281986184023        4.6153143934968019        17.033017282039211     
   806.00000000000000       0.27084949769811040        4.6320916938405627        17.102087074953726     
   807.00000000000000       0.27073671717593328        4.6489098865941800        17.171331377166592     
   808.00000000000000       0.27062526458660452        4.6657690229233300        17.240700087815370     
   809.00000000000000       0.27051591227797772        4.6826691539915339        17.310143106035476     
   810.00000000000000       0.27040941893779130        4.6996103309601773        17.379610330960180     
   811.00000000000000       0.27030642613775113        4.7165926049885254        17.449058360843029     
   812.00000000000000       0.27020715094963588        4.7336160272337375        17.518470590425046     
   813.00000000000000       0.27011170379705918        4.7506806488508877        17.587837113567570     
   814.00000000000000       0.27002019320885962        4.7677865209929786        17.657148024129860     
   815.00000000000000       0.26993272588096628        4.7849336948109595        17.726393415969127     
   816.00000000000000       0.26984940673793045        4.8021222214537440        17.795563382940543     
   817.00000000000000       0.26977033899410180        4.8193521520682241        17.864648018897263     
   818.00000000000000       0.26969562421443011        4.8366235377992801        17.933637417690427     
   819.00000000000000       0.26962536237487655        4.8539364297898118        18.002521673169191     
   820.00000000000000       0.26955965192241854        4.8712908791807372        18.071290879180740     
   821.00000000000000       0.26949834237639231        4.8886869371110189        18.139951785986426     
   822.00000000000000       0.26944029988618057        4.9061246547176696        18.208577769510203     
   823.00000000000000       0.26938416314429270        4.9236040831357855        18.277258862090235     
   824.00000000000000       0.26932859231961975        4.9411252734985434        18.346085096062776     
   825.00000000000000       0.26927226866884674        4.9586882769372176        18.415146503762159     
   826.00000000000000       0.26921389428355857        4.9762931445811978        18.484533117520858     
   827.00000000000000       0.26915219196600387        4.9939399275580145        18.554334969669465     
   828.00000000000000       0.26908590522668874        5.0116286769933369        18.624642092536732     
   829.00000000000000       0.26901379839714268        5.0293594440109919        18.695544518449545     
   830.00000000000000       0.26893465685130202        5.0471322797329847        18.767132279732987     
   831.00000000000000       0.26884776288818074        5.0649472352795053        18.839462083923383     
   832.00000000000000       0.26875430678053713        5.0828043617689485        18.912457339407517     
   833.00000000000000       0.26865593206591032        5.1007037103179247        18.986008129783453     
   834.00000000000000       0.26855425567514007        5.1186453320412664        19.060004538647483     
   835.00000000000000       0.26845086778385985        5.1366292780520606        19.134336649594140     
   836.00000000000000       0.26834733186022974        5.1546555994616412        19.208894546216221     
   837.00000000000000       0.26824518489830351        5.1727243473796118        19.283568312104777     
   838.00000000000000       0.26814593782669754        5.1908355729138709        19.358248030849168     
   839.00000000000000       0.26805107608259110        5.2089893271705954        19.432823786037019     
   840.00000000000000       0.26796206034152148        5.2271856612542837        19.507185661254287     
   841.00000000000000       0.26787982610510469        5.2454246262677549        19.581260382816854     
   842.00000000000000       0.26780329700876487        5.2637062733121516        19.655121247965358     
   843.00000000000000       0.26773091712728031        5.2820306534869772        19.728878196670426     
   844.00000000000000       0.26766115553384257        5.3003978178900875        19.802641168901012     
   845.00000000000000       0.26759250561068976        5.3188078176177092        19.876520104624461     
   846.00000000000000       0.26752348454234093        5.3372607037644588        19.950624943806499     
   847.00000000000000       0.26745263298211541        5.3557565274233401        20.025065626411237     
   848.00000000000000       0.26737851488300440        5.3742953396857729        20.099952092401210     
   849.00000000000000       0.26729971748424231        5.3928771916415954        20.175394281737365     
   850.00000000000000       0.26721485144514168        5.4115021343790746        20.251502134379077     
   851.00000000000000       0.26712298798525180        5.4301702189849230        20.328352344144673     
   852.00000000000000       0.26702495529283615        5.4488814965443124        20.405888620292927     
   853.00000000000000       0.26692200249392911        5.4676360181408725        20.484021425941567     
   854.00000000000000       0.26681535891852232        5.4864338348567241        20.562661224206821     
   855.00000000000000       0.26670623395943294        5.5052749977724629        20.641718478203387     
   856.00000000000000       0.26659581704706847        5.5241595579671943        20.721103651044469     
   857.00000000000000       0.26648527773402941        5.5430875665185306        20.800727205841788     
   858.00000000000000       0.26637576588362805        5.5620590745026206        20.880499605705594     
   859.00000000000000       0.26626841195655898        5.5810741329941207        20.960331313744639     
   860.00000000000000       0.26616432739016610        5.6001327930662574        21.040132793066260     
   861.00000000000000       0.26606439919297759        5.6192351057907972        21.119830848602721     
   862.00000000000000       0.26596867964196658        5.6383811222380764        21.199417652590434     
   863.00000000000000       0.26587701603044700        5.6575708934770130        21.278901719090808     
   864.00000000000000       0.26578925819289595        5.6768044705751084        21.358291562163814     
   865.00000000000000       0.26570525843513032        5.6960819045984490        21.437595695868019     
   866.00000000000000       0.26562487146737340        5.7154032466117481        21.516822634260620     
   867.00000000000000       0.26554795434009332        5.7347685476783283        21.595980891397414     
   868.00000000000000       0.26547436638250732        5.7541778588601336        21.675078981332824     
   869.00000000000000       0.26540396914364811        5.7736312312177525        21.754125418119926     
   870.00000000000000       0.26533662633589183        5.7931287158104210        21.833128715810425     
   871.00000000000000       0.26527210839815779        5.8126703636960286        21.912105267288609     
   872.00000000000000       0.26520980921376691        5.8322562259311361        21.991102980773103     
   873.00000000000000       0.26514903722777533        5.8518863535709782        22.070177643315130     
   874.00000000000000       0.26508911134756646        5.8715607976694706        22.149385041964575     
   875.00000000000000       0.26502936075897454        5.8912796092792377        22.228780963770049     
   876.00000000000000       0.26496912477921430        5.9110428394515946        22.308421195778848     
   877.00000000000000       0.26490775274483958        5.9308505392365802        22.388361525036999     
   878.00000000000000       0.26484460393300685        5.9507027596829536        22.468657738589229     
   879.00000000000000       0.26477904751437692        5.9705995518382080        22.549365623479016     
   880.00000000000000       0.26471046253602909        5.9905409667485694        22.630540966748573     
   881.00000000000000       0.26463832948283333        6.0105270554590273        22.712231698276803     
   882.00000000000000       0.26456250211302912        6.0305578690133288        22.794454319293109     
   883.00000000000000       0.26448292784586286        6.0506334584539800        22.877217473863602     
   884.00000000000000       0.26439955550249622        6.0707538748222731        22.960529806053167     
   885.00000000000000       0.26431233530707982        6.0909191691582789        23.044399959925475     
   886.00000000000000       0.26422121888768280        6.1111293925008727        23.128836579542991     
   887.00000000000000       0.26412615927705990        6.1313845958877220        23.213848308966988     
   888.00000000000000       0.26402711091324549        6.1516848303553111        23.299443792257541     
   889.00000000000000       0.26392402963995670        6.1720301469389440        23.385631673473554     
   890.00000000000000       0.26381687270679433        6.1924205966727550        23.472420596672759     
   891.00000000000000       0.26370578289666347        6.2128562305897077        23.559802755726054     
   892.00000000000000       0.26359163479003667        6.2333370997216182        23.647704543760540     
   893.00000000000000       0.26347547166121088        6.2538632550991471        23.736035903716527     
   894.00000000000000       0.26335831983482355        6.2744347477518252        23.824706778533162     
   895.00000000000000       0.26324118877697589        6.2950516287080420        23.913627111148468     
   896.00000000000000       0.26312507126430323        6.3157139489950724        24.002706844499357     
   897.00000000000000       0.26301094362674854        6.3364217596390686        24.091855921521610     
   898.00000000000000       0.26289976605994353        6.3571751116650796        24.180984285149901     
   899.00000000000000       0.26279248300326535        6.3779740560970550        24.270001878317824     
   900.00000000000000       0.26269002357981991        6.3988186439578447        24.358818643957850     
   901.00000000000000       0.26259294056971572        6.4197089262692240        24.447378182906093     
   902.00000000000000       0.26250033779483489        6.4406449540518773        24.535758727616415     
   903.00000000000000       0.26241097468051899        6.4616267783254386        24.624072168446318     
   904.00000000000000       0.26232363010409321        6.4826544501084609        24.712430395752243     
   905.00000000000000       0.26223710192399019        6.5037280204184453        24.800945299889563     
   906.00000000000000       0.26215020662734090        6.5248475402718586        24.889728771212617     
   907.00000000000000       0.26206177909017286        6.5460130606841087        24.978892700074702     
   908.00000000000000       0.26197067244458166        6.5672246326695811        25.068548976828076     
   909.00000000000000       0.26187575804740426        6.5884823072416312        25.158809491823966     
   910.00000000000000       0.26177592554506551        6.6097861354125973        25.249786135412602     
   911.00000000000000       0.26167047728060749        6.6311361681937981        25.341552616509997     
   912.00000000000000       0.26156029846490814        6.6525324565955621        25.434029918298513     
   913.00000000000000       0.26144665204239853        6.6739750516271954        25.527100842526313     
   914.00000000000000       0.26133078111054725        6.6954640042970359        25.620648190940596     
   915.00000000000000       0.26121390889022100        6.7169993656124207        25.714554765287552     
   916.00000000000000       0.26109723881418828        6.7385811865797134        25.808703367312411     
   917.00000000000000       0.26098195472761571        6.7602095182043103        25.902976798759415     
   918.00000000000000       0.26086922119457567        6.7818844114906369        25.997257861371857     
   919.00000000000000       0.26076018390479566        6.8036059174421588        26.091429356892061     
   920.00000000000000       0.26065597017511838        6.8253740870613919        26.185374087061394     
   921.00000000000000       0.26055730218101530        6.8471889713499037        26.279013921448264     
   922.00000000000000       0.26046334761171486        6.8690506213083289        26.372427000932010     
   923.00000000000000       0.26037290295186277        6.8909590879363627        26.465730534219031     
   924.00000000000000       0.26028478333314209        6.9129144222327747        26.559041730014776     
   925.00000000000000       0.26019782205652259        6.9349166751954154        26.652477797023792     
   926.00000000000000       0.26011087022750151        6.9569658978212177        26.746155943949699     
   927.00000000000000       0.26002279649884785        6.9790621411062093        26.840193379495219     
   928.00000000000000       0.25993248691557846        7.0012054560455113        26.934707312362153     
   929.00000000000000       0.25983884485706343        7.0233958936333538        27.029814951251431     
   930.00000000000000       0.25974079107129189        7.0456335048630763        27.125633504863082     
   931.00000000000000       0.25963762708581900        7.0679183407271307        27.222242092017524     
   932.00000000000000       0.25953011369886764        7.0902504522170888        27.319567472019429     
   933.00000000000000       0.25941936090556955        7.1126298903236496        27.417498314293884     
   934.00000000000000       0.25930646161815651        7.1350567060366545        27.515923288265107     
   935.00000000000000       0.25919249164236130        7.1575309503450733        27.614731063356455     
   936.00000000000000       0.25907850974601626        7.1800526742370199        27.713810308990418     
   937.00000000000000       0.25896555781515468        7.2026219286997684        27.813049694588656     
   938.00000000000000       0.25885466109304606        7.2252387647197409        27.912337889571969     
   939.00000000000000       0.25874682849774638        7.2479032332825151        28.011563563360323     
   940.00000000000000       0.25864305301391805        7.2706153853728503        28.110615385372853     
   941.00000000000000       0.25854400703063013        7.2933752719746687        28.209415316714772     
   942.00000000000000       0.25844913687216520        7.3161829440710724        28.308018485238051     
   943.00000000000000       0.25835759469771175        7.3390384526443420        28.406513310480761     
   944.00000000000000       0.25826854562886131        7.3619418486759525        28.504988211980162     
   945.00000000000000       0.25818116741754132        7.3848931831465690        28.603531609272697     
   946.00000000000000       0.25809465017197242        7.4078925070360517        28.702231921894001     
   947.00000000000000       0.25800819613792336        7.4309398713234840        28.801177569378954     
   948.00000000000000       0.25792101953264518        7.4540353269871344        28.900456971261601     
   949.00000000000000       0.25783234642896813        7.4771789250044955        29.000158547075209     
   950.00000000000000       0.25774141468712014        7.5003707163522826        29.100370716352288     
   951.00000000000000       0.25764760695799105        7.5236107520064319        29.201166821755663     
   952.00000000000000       0.25755084569712555        7.5468990829421108        29.302559898471884     
   953.00000000000000       0.25745118696055058        7.5702357601337216        29.404547904817832     
   954.00000000000000       0.25734868635487279        7.5936208345549003        29.507128799109637     
   955.00000000000000       0.25724339903188664        7.6170543571785352        29.610300539662681     
   956.00000000000000       0.25713537968350564        7.6405363789767620        29.714061084791581     
   957.00000000000000       0.25702468253701027        7.6640669509209696        29.818408392810223     
   958.00000000000000       0.25691136135060633        7.6876461239818026        29.923340422031742     
   959.00000000000000       0.25679546940928666        7.7112739491291711        30.028855130768530     
   960.00000000000000       0.25667705952098852        7.7349504773322542        30.134950477332261     
   961.00000000000000       0.25655629416523146        7.7586757595595053        30.241611435822502     
   962.00000000000000       0.25643377241291521        7.7824498467786576        30.348771043492622     
   963.00000000000000       0.25631019329929622        7.8062727899567204        30.456349353383892     
   964.00000000000000       0.25618624484018698        7.8301446400599879        30.564266418536857     
   965.00000000000000       0.25606260412151016        7.8540654480540546        30.672442291991377     
   966.00000000000000       0.25593993742423399        7.8780352649038115        30.780797026786605     
   967.00000000000000       0.25581890038281407        7.9020541415734309        30.889250675960966     
   968.00000000000000       0.25570013817533527        7.9261221290264130        30.997723292552227     
   969.00000000000000       0.25558428574361119        7.9502392782255544        31.106134929597431     
   970.00000000000000       0.25547196804158034        7.9744056401329786        31.214405640132984     
   971.00000000000000       0.25536358007484344        7.9986212657100992        31.322482490908907     
   972.00000000000000       0.25525863325596376        8.0228862059176826        31.430420603532081     
   973.00000000000000       0.25515642797766031        8.0472005117158041        31.538302113323045     
   974.00000000000000       0.25505627528329500        8.0715642340638745        31.646209155601689     
   975.00000000000000       0.25495749662043959        8.0959774239206350        31.754223865687230     
   976.00000000000000       0.25485942363458275        8.1204401322441715        31.862428378898215     
   977.00000000000000       0.25476139800110714        8.1449524099919159        31.970904830552549     
   978.00000000000000       0.25466277129374565        8.1695143081206307        32.079735355967472     
   979.00000000000000       0.25456290488778732        8.1941258775864529        32.189002090459596     
   980.00000000000000       0.25446116989635448        8.2187871693448571        32.298787169344862     
   981.00000000000000       0.25435706541715047        8.2434982343506871        32.409157657292482     
   982.00000000000000       0.25425056974056837        8.2682591235581402        32.520120336386611     
   983.00000000000000       0.25414177917248226        8.2930698879207867        32.631666918064674     
   984.00000000000000       0.25403078884646346        8.3179305783915769        32.743789113763469     
   985.00000000000000       0.25391769272122255        8.3428412459228163        32.856478634919156     
   986.00000000000000       0.25380258357888763        8.3678019414662010        32.969727192967277     
   987.00000000000000       0.25368555302408735        8.3928127159728216        33.083526499342781     
   988.00000000000000       0.25356669148381017        8.4178736203931308        33.197868265479968     
   989.00000000000000       0.25344608820801240        8.4429847056769862        33.312744202812560     
   990.00000000000000       0.25332383127094560        8.4681460227736416        33.428146022773646     
   991.00000000000000       0.25320005838164006        8.4933576226317360        33.544058705665776     
   992.00000000000000       0.25307510770615788        8.5186195561993205        33.660440307271060     
   993.00000000000000       0.25294936264821638        8.5439318744238513        33.777242152241087     
   994.00000000000000       0.25282320067626873        8.5692946282521909        33.894415565226836     
   995.00000000000000       0.25269699337276813        8.5947078686306089        34.011911870878698     
   996.00000000000000       0.25257110649406450        8.6201716465048008        34.129682393846494     
   997.00000000000000       0.25244590004037321        8.6456860128198763        34.247678458779433     
   998.00000000000000       0.25232172833527650        8.6712510185203673        34.365851390326185     
   999.00000000000000       0.25219894011423483        8.6968667145502323        34.484152513134831     
   1000.0000000000000       0.25207787862160602        8.7225331518528666        34.602533151852874     
