1.299038105676658
2.0
2.3776412907378837
2.598076211353316
2.7364101886381045
2.82842712474619
2.892544243589427
2.938926261462366
2.9735244960057865
2.9999999999999996
3.0207006182844953
3.037186173822907
3.050524823068501
3.0614674589207183
3.0705541625908
3.0781812899310186
3.084644957444493
3.090169943749474
3.094929331314494
3.0990581252557265
3.1026628683057793
3.105828541230249
3.108623589560685
3.1111036357382504
3.1133142550229422
3.1152930753884016
3.117071383059849
3.11867536226639
3.120127061374231
3.121445152258052
3.122645531946768
3.1237418028816957
3.1247456589761415
3.125667198004746
3.126515175954208
3.127297215333944
3.128019976726325
3.1286893008046173
3.129310326486927
3.1298875896996634
3.1304251063026047
3.130926442012273
3.1313947716014723
3.1318329292136715
3.132243451283802
3.1326286132812378
3.132990461270397
3.1333308391076065
